"date" "RM" "measurand" "mean.before" "mean.after" "median.before" "median.after" "median.after.noPP" "unit" "sL" "sbb" "sr" "u" "u.alternative" "t.value" "outlier" "labs remaining" "based on" "property value" "U"
2014-07-24 "OKUM" "SiO2" 44.33 44.14 44.16 44.14 44.14 "g/100g" 0.0832 0.0214 0.005812 0.0643 0.0648 2.08 10 22 "mean" 44.14 0.135
2014-07-24 "OKUM" "SiO2" 44.33 44.14 44.16 44.14 44.14 "g/100g" 0.0832 0.0214 0.005812 0.0643 0.0648 2.08 26 22 "mean" 44.14 0.135
2014-07-24 "OKUM" "SiO2" 44.33 44.14 44.16 44.14 44.14 "g/100g" 0.0832 0.0214 0.005812 0.0643 0.0648 2.08 31 22 "mean" 44.14 0.135
2014-07-24 "OKUM" "TiO2" 0.3858 0.3801 0.38 0.3781 0.3781 "g/100g" 9e-05 7.05e-06 2.867e-06 0.00201 0.00201 2.07 10 23 "median" 0.3781 0.00418
2014-07-24 "OKUM" "TiO2" 0.3858 0.3801 0.38 0.3781 0.3781 "g/100g" 9e-05 7.05e-06 2.867e-06 0.00201 0.00201 2.07 26 23 "median" 0.3781 0.00418
2014-07-24 "OKUM" "TiO2" 0.3858 0.3801 0.38 0.3781 0.3781 "g/100g" 9e-05 7.05e-06 2.867e-06 0.00201 0.00201 2.07 31 23 "median" 0.3781 0.00418
2014-07-24 "OKUM" "Al2O3" 7.906 7.97 7.975 7.978 7.98 "g/100g" 0.00753 0.000764 0.0002841 0.0188 0.0189 2.08 10 22 "median" 7.978 0.0394
2014-07-24 "OKUM" "Al2O3" 7.906 7.97 7.975 7.978 7.98 "g/100g" 0.00753 0.000764 0.0002841 0.0188 0.0189 2.08 26 22 "median" 7.978 0.0394
2014-07-24 "OKUM" "Al2O3" 7.906 7.97 7.975 7.978 7.98 "g/100g" 0.00753 0.000764 0.0002841 0.0188 0.0189 2.08 31 22 "median" 7.978 0.0394
2014-07-24 "OKUM" "Fe2O3T" 11.97 11.8 11.83 11.81 11.81 "g/100g" 0.0112 0.00152 0.0005129 0.0232 0.0233 2.08 10 22 "median" 11.81 0.0484
2014-07-24 "OKUM" "Fe2O3T" 11.97 11.8 11.83 11.81 11.81 "g/100g" 0.0112 0.00152 0.0005129 0.0232 0.0233 2.08 26 22 "median" 11.81 0.0484
2014-07-24 "OKUM" "Fe2O3T" 11.97 11.8 11.83 11.81 11.81 "g/100g" 0.0112 0.00152 0.0005129 0.0232 0.0233 2.08 31 22 "median" 11.81 0.0484
2014-07-24 "OKUM" "FeO" 8.133 8.133 8.095 8.095 8.095 "g/100g" 0.00292 0.00384 0.0006543 0.0377 0.0384 4.3 10 3 "median" 8.095 0.165
2014-07-24 "OKUM" "FeO" 8.133 8.133 8.095 8.095 8.095 "g/100g" 0.00292 0.00384 0.0006543 0.0377 0.0384 4.3 26 3 "median" 8.095 0.165
2014-07-24 "OKUM" "FeO" 8.133 8.133 8.095 8.095 8.095 "g/100g" 0.00292 0.00384 0.0006543 0.0377 0.0384 4.3 31 3 "median" 8.095 0.165
2014-07-24 "OKUM" "MnO" 0.1827 0.1813 0.18 0.18 0.18 "g/100g" 3.88e-05 1.07e-06 6.217e-07 0.0013 0.00131 2.07 10 23 "median" 0.18 0.00271
2014-07-24 "OKUM" "MnO" 0.1827 0.1813 0.18 0.18 0.18 "g/100g" 3.88e-05 1.07e-06 6.217e-07 0.0013 0.00131 2.07 26 23 "median" 0.18 0.00271
2014-07-24 "OKUM" "MnO" 0.1827 0.1813 0.18 0.18 0.18 "g/100g" 3.88e-05 1.07e-06 6.217e-07 0.0013 0.00131 2.07 31 23 "median" 0.18 0.00271
2014-07-24 "OKUM" "MgO" 21.24 21.29 21.3 21.3 21.31 "g/100g" 0.0446 0.00215 0.001036 0.0465 0.0466 2.09 10 21 "median" 21.3 0.0972
2014-07-24 "OKUM" "MgO" 21.24 21.29 21.3 21.3 21.31 "g/100g" 0.0446 0.00215 0.001036 0.0465 0.0466 2.09 26 21 "median" 21.3 0.0972
2014-07-24 "OKUM" "MgO" 21.24 21.29 21.3 21.3 21.31 "g/100g" 0.0446 0.00215 0.001036 0.0465 0.0466 2.09 31 21 "median" 21.3 0.0972
2014-07-24 "OKUM" "CaO" 7.883 7.849 7.855 7.851 7.855 "g/100g" 0.0147 0.000589 0.0003019 0.0273 0.0274 2.09 10 20 "median" 7.851 0.0573
2014-07-24 "OKUM" "CaO" 7.883 7.849 7.855 7.851 7.855 "g/100g" 0.0147 0.000589 0.0003019 0.0273 0.0274 2.09 26 20 "median" 7.851 0.0573
2014-07-24 "OKUM" "CaO" 7.883 7.849 7.855 7.851 7.855 "g/100g" 0.0147 0.000589 0.0003019 0.0273 0.0274 2.09 31 20 "median" 7.851 0.0573
2014-07-24 "OKUM" "Na2O" 1.127 1.136 1.145 1.148 1.145 "g/100g" 0.00228 0.000127 5.83e-05 0.0103 0.0103 2.08 10 22 "median" 1.148 0.0215
2014-07-24 "OKUM" "Na2O" 1.127 1.136 1.145 1.148 1.145 "g/100g" 0.00228 0.000127 5.83e-05 0.0103 0.0103 2.08 26 22 "median" 1.148 0.0215
2014-07-24 "OKUM" "Na2O" 1.127 1.136 1.145 1.148 1.145 "g/100g" 0.00228 0.000127 5.83e-05 0.0103 0.0103 2.08 31 22 "median" 1.148 0.0215
2014-07-24 "OKUM" "K2O" 0.04352 0.044 0.04357 0.04357 0.04375 "g/100g" 1.3e-05 3.96e-06 1.018e-06 0.000948 0.000956 2.13 10 16 "median" 0.04357 0.00204
2014-07-24 "OKUM" "K2O" 0.04352 0.044 0.04357 0.04357 0.04375 "g/100g" 1.3e-05 3.96e-06 1.018e-06 0.000948 0.000956 2.13 26 16 "median" 0.04357 0.00204
2014-07-24 "OKUM" "K2O" 0.04352 0.044 0.04357 0.04357 0.04375 "g/100g" 1.3e-05 3.96e-06 1.018e-06 0.000948 0.000956 2.13 31 16 "median" 0.04357 0.00204
2014-07-24 "OKUM" "P2O5" 0.02803 0.02659 0.02724 0.02652 0.02576 "g/100g" 1.99e-05 2.07e-07 1.658e-07 0.00108 0.00109 2.12 10 17 "median" 0.02652 0.0023
2014-07-24 "OKUM" "P2O5" 0.02803 0.02659 0.02724 0.02652 0.02576 "g/100g" 1.99e-05 2.07e-07 1.658e-07 0.00108 0.00109 2.12 26 17 "median" 0.02652 0.0023
2014-07-24 "OKUM" "P2O5" 0.02803 0.02659 0.02724 0.02652 0.02576 "g/100g" 1.99e-05 2.07e-07 1.658e-07 0.00108 0.00109 2.12 31 17 "median" 0.02652 0.0023
2014-07-24 "OKUM" "H2O." 5.747 5.747 5.71 5.71 5.71 "g/100g" 0.0148 0.00159 0.0005654 0.0717 0.072 4.3 10 3 "median" 5.71 0.31
2014-07-24 "OKUM" "H2O." 5.747 5.747 5.71 5.71 5.71 "g/100g" 0.0148 0.00159 0.0005654 0.0717 0.072 4.3 26 3 "median" 5.71 0.31
2014-07-24 "OKUM" "H2O." 5.747 5.747 5.71 5.71 5.71 "g/100g" 0.0148 0.00159 0.0005654 0.0717 0.072 4.3 31 3 "median" 5.71 0.31
2014-07-24 "OKUM" "CO2" 0.1971 0.1971 0.2 0.2 0.2 "g/100g" 0.00366 3.8e-05 2.87e-05 0.0429 0.0429 12.71 10 2 "median" 0.2 0.545
2014-07-24 "OKUM" "CO2" 0.1971 0.1971 0.2 0.2 0.2 "g/100g" 0.00366 3.8e-05 2.87e-05 0.0429 0.0429 12.71 26 2 "median" 0.2 0.545
2014-07-24 "OKUM" "CO2" 0.1971 0.1971 0.2 0.2 0.2 "g/100g" 0.00366 3.8e-05 2.87e-05 0.0429 0.0429 12.71 31 2 "median" 0.2 0.545
2014-07-24 "OKUM" "LOI" 4.594 4.594 4.69 4.69 4.69 "g/100g" 0.0694 0.00442 0.001932 0.0568 0.057 2.08 10 22 "median" 4.69 0.119
2014-07-24 "OKUM" "LOI" 4.594 4.594 4.69 4.69 4.69 "g/100g" 0.0694 0.00442 0.001932 0.0568 0.057 2.08 26 22 "median" 4.69 0.119
2014-07-24 "OKUM" "LOI" 4.594 4.594 4.69 4.69 4.69 "g/100g" 0.0694 0.00442 0.001932 0.0568 0.057 2.08 31 22 "median" 4.69 0.119
2014-07-24 "OKUM" "As" 0.4612 0.4648 0.3725 0.3725 0.3725 "mg/kg" 0.0581 0.003 0.0014 0.092 0.0923 2.45 10 7 "median" 0.3725 0.226
2014-07-24 "OKUM" "As" 0.4612 0.4648 0.3725 0.3725 0.3725 "mg/kg" 0.0581 0.003 0.0014 0.092 0.0923 2.45 26 7 "median" 0.3725 0.226
2014-07-24 "OKUM" "As" 0.4612 0.4648 0.3725 0.3725 0.3725 "mg/kg" 0.0581 0.003 0.0014 0.092 0.0923 2.45 31 7 "median" 0.3725 0.226
2014-07-24 "OKUM" "Ba" 7.344 6.376 6.224 6.161 6.124 "mg/kg" 0.507 0.106 0.03082 0.185 0.186 2.13 10 16 "median" 6.161 0.396
2014-07-24 "OKUM" "Ba" 7.344 6.376 6.224 6.161 6.124 "mg/kg" 0.507 0.106 0.03082 0.185 0.186 2.13 26 16 "median" 6.161 0.396
2014-07-24 "OKUM" "Ba" 7.344 6.376 6.224 6.161 6.124 "mg/kg" 0.507 0.106 0.03082 0.185 0.186 2.13 31 16 "median" 6.161 0.396
2014-07-24 "OKUM" "Be" 0.06535 0.06535 0.06597 0.06597 0.06597 "mg/kg" 9.49e-06 1.54e-05 2.492e-06 0.00157 0.0016 2.57 10 6 "median" 0.06597 0.00412
2014-07-24 "OKUM" "Be" 0.06535 0.06535 0.06597 0.06597 0.06597 "mg/kg" 9.49e-06 1.54e-05 2.492e-06 0.00157 0.0016 2.57 26 6 "median" 0.06597 0.00412
2014-07-24 "OKUM" "Be" 0.06535 0.06535 0.06597 0.06597 0.06597 "mg/kg" 9.49e-06 1.54e-05 2.492e-06 0.00157 0.0016 2.57 31 6 "median" 0.06597 0.00412
2014-07-24 "OKUM" "Ce" 1.322 1.269 1.282 1.279 1.279 "mg/kg" 0.00427 0.000904 0.0002617 0.016 0.0161 2.11 10 18 "median" 1.279 0.0339
2014-07-24 "OKUM" "Ce" 1.322 1.269 1.282 1.279 1.279 "mg/kg" 0.00427 0.000904 0.0002617 0.016 0.0161 2.11 26 18 "median" 1.279 0.0339
2014-07-24 "OKUM" "Ce" 1.322 1.269 1.282 1.279 1.279 "mg/kg" 0.00427 0.000904 0.0002617 0.016 0.0161 2.11 31 18 "median" 1.279 0.0339
2014-07-24 "OKUM" "Co" 88.53 88.9 88.89 89.4 89.4 "mg/kg" 6.42 1.22 0.3667 0.546 0.55 2.07 10 23 "median" 89.4 1.14
2014-07-24 "OKUM" "Co" 88.53 88.9 88.89 89.4 89.4 "mg/kg" 6.42 1.22 0.3667 0.546 0.55 2.07 26 23 "median" 89.4 1.14
2014-07-24 "OKUM" "Co" 88.53 88.9 88.89 89.4 89.4 "mg/kg" 6.42 1.22 0.3667 0.546 0.55 2.07 31 23 "median" 89.4 1.14
2014-07-24 "OKUM" "Cr" 2441 2460 2447 2456 2470 "mg/kg" 4740 323 138 14.9 14.9 2.08 10 22 "median" 2456 31
2014-07-24 "OKUM" "Cr" 2441 2460 2447 2456 2470 "mg/kg" 4740 323 138 14.9 14.9 2.08 26 22 "median" 2456 31
2014-07-24 "OKUM" "Cr" 2441 2460 2447 2456 2470 "mg/kg" 4740 323 138 14.9 14.9 2.08 31 22 "median" 2456 31
2014-07-24 "OKUM" "Cs" 0.1822 0.1842 0.1828 0.1831 0.1831 "mg/kg" 2.52e-05 1.86e-05 3.693e-06 0.00156 0.00159 2.18 10 13 "median" 0.1831 0.00345
2014-07-24 "OKUM" "Cs" 0.1822 0.1842 0.1828 0.1831 0.1831 "mg/kg" 2.52e-05 1.86e-05 3.693e-06 0.00156 0.00159 2.18 26 13 "median" 0.1831 0.00345
2014-07-24 "OKUM" "Cs" 0.1822 0.1842 0.1828 0.1831 0.1831 "mg/kg" 2.52e-05 1.86e-05 3.693e-06 0.00156 0.00159 2.18 31 13 "median" 0.1831 0.00345
2014-07-24 "OKUM" "Cu" 43.9 43.46 43.5 43.34 43.75 "mg/kg" 6.61 0.279 0.1406 0.579 0.581 2.09 10 20 "median" 43.34 1.22
2014-07-24 "OKUM" "Cu" 43.9 43.46 43.5 43.34 43.75 "mg/kg" 6.61 0.279 0.1406 0.579 0.581 2.09 26 20 "median" 43.34 1.22
2014-07-24 "OKUM" "Cu" 43.9 43.46 43.5 43.34 43.75 "mg/kg" 6.61 0.279 0.1406 0.579 0.581 2.09 31 20 "median" 43.34 1.22
2014-07-24 "OKUM" "Dy" 1.594 1.609 1.605 1.605 1.605 "mg/kg" 0.00579 0.000111 7.306e-05 0.0185 0.0186 2.12 10 17 "median" 1.605 0.0393
2014-07-24 "OKUM" "Dy" 1.594 1.609 1.605 1.605 1.605 "mg/kg" 0.00579 0.000111 7.306e-05 0.0185 0.0186 2.12 26 17 "median" 1.605 0.0393
2014-07-24 "OKUM" "Dy" 1.594 1.609 1.605 1.605 1.605 "mg/kg" 0.00579 0.000111 7.306e-05 0.0185 0.0186 2.12 31 17 "median" 1.605 0.0393
2014-07-24 "OKUM" "Er" 1.023 1.041 1.039 1.043 1.043 "mg/kg" 0.000756 0.000162 4.673e-05 0.00672 0.00677 2.11 10 18 "median" 1.043 0.0143
2014-07-24 "OKUM" "Er" 1.023 1.041 1.039 1.043 1.043 "mg/kg" 0.000756 0.000162 4.673e-05 0.00672 0.00677 2.11 26 18 "median" 1.043 0.0143
2014-07-24 "OKUM" "Er" 1.023 1.041 1.039 1.043 1.043 "mg/kg" 0.000756 0.000162 4.673e-05 0.00672 0.00677 2.11 31 18 "median" 1.043 0.0143
2014-07-24 "OKUM" "Eu" 0.3002 0.3002 0.3019 0.3019 0.3019 "mg/kg" 0.000178 5.47e-05 1.405e-05 0.00323 0.00326 2.1 10 19 "median" 0.3019 0.00684
2014-07-24 "OKUM" "Eu" 0.3002 0.3002 0.3019 0.3019 0.3019 "mg/kg" 0.000178 5.47e-05 1.405e-05 0.00323 0.00326 2.1 26 19 "median" 0.3019 0.00684
2014-07-24 "OKUM" "Eu" 0.3002 0.3002 0.3019 0.3019 0.3019 "mg/kg" 0.000178 5.47e-05 1.405e-05 0.00323 0.00326 2.1 31 19 "median" 0.3019 0.00684
2014-07-24 "OKUM" "Ga" 8.847 8.794 8.883 8.865 8.818 "mg/kg" 0.0909 0.0262 0.006861 0.0768 0.0774 2.12 10 17 "median" 8.865 0.164
2014-07-24 "OKUM" "Ga" 8.847 8.794 8.883 8.865 8.818 "mg/kg" 0.0909 0.0262 0.006861 0.0768 0.0774 2.12 26 17 "median" 8.865 0.164
2014-07-24 "OKUM" "Ga" 8.847 8.794 8.883 8.865 8.818 "mg/kg" 0.0909 0.0262 0.006861 0.0768 0.0774 2.12 31 17 "median" 8.865 0.164
2014-07-24 "OKUM" "Gd" 1.13 1.138 1.172 1.172 1.172 "mg/kg" 0.00616 0.000413 0.0001773 0.0199 0.0199 2.13 10 16 "median" 1.172 0.0425
2014-07-24 "OKUM" "Gd" 1.13 1.138 1.172 1.172 1.172 "mg/kg" 0.00616 0.000413 0.0001773 0.0199 0.0199 2.13 26 16 "median" 1.172 0.0425
2014-07-24 "OKUM" "Gd" 1.13 1.138 1.172 1.172 1.172 "mg/kg" 0.00616 0.000413 0.0001773 0.0199 0.0199 2.13 31 16 "median" 1.172 0.0425
2014-07-24 "OKUM" "Hf" 0.5738 0.5507 0.5595 0.5565 0.5565 "mg/kg" 0.00156 0.000314 9.234e-05 0.0106 0.0106 2.14 10 15 "median" 0.5565 0.0228
2014-07-24 "OKUM" "Hf" 0.5738 0.5507 0.5595 0.5565 0.5565 "mg/kg" 0.00156 0.000314 9.234e-05 0.0106 0.0106 2.14 26 15 "median" 0.5565 0.0228
2014-07-24 "OKUM" "Hf" 0.5738 0.5507 0.5595 0.5565 0.5565 "mg/kg" 0.00156 0.000314 9.234e-05 0.0106 0.0106 2.14 31 15 "median" 0.5565 0.0228
2014-07-24 "OKUM" "Ho" 0.3547 0.3547 0.3529 0.3529 0.3529 "mg/kg" 0.000227 1.33e-05 5.979e-06 0.00393 0.00395 2.14 10 15 "median" 0.3529 0.00847
2014-07-24 "OKUM" "Ho" 0.3547 0.3547 0.3529 0.3529 0.3529 "mg/kg" 0.000227 1.33e-05 5.979e-06 0.00393 0.00395 2.14 26 15 "median" 0.3529 0.00847
2014-07-24 "OKUM" "Ho" 0.3547 0.3547 0.3529 0.3529 0.3529 "mg/kg" 0.000227 1.33e-05 5.979e-06 0.00393 0.00395 2.14 31 15 "median" 0.3529 0.00847
2014-07-24 "OKUM" "La" 0.4123 0.4123 0.4086 0.4086 0.4086 "g/100g" 0.00107 0.000224 6.496e-05 0.00798 0.00804 2.11 10 18 "median" 0.4086 0.017
2014-07-24 "OKUM" "La" 0.4123 0.4123 0.4086 0.4086 0.4086 "g/100g" 0.00107 0.000224 6.496e-05 0.00798 0.00804 2.11 26 18 "median" 0.4086 0.017
2014-07-24 "OKUM" "La" 0.4123 0.4123 0.4086 0.4086 0.4086 "g/100g" 0.00107 0.000224 6.496e-05 0.00798 0.00804 2.11 31 18 "median" 0.4086 0.017
2014-07-24 "OKUM" "Li" 4.412 4.412 4.352 4.352 4.352 "mg/kg" 0.0894 0.0155 0.004768 0.109 0.11 2.36 10 8 "median" 4.352 0.259
2014-07-24 "OKUM" "Li" 4.412 4.412 4.352 4.352 4.352 "mg/kg" 0.0894 0.0155 0.004768 0.109 0.11 2.36 26 8 "median" 4.352 0.259
2014-07-24 "OKUM" "Li" 4.412 4.412 4.352 4.352 4.352 "mg/kg" 0.0894 0.0155 0.004768 0.109 0.11 2.36 31 8 "median" 4.352 0.259
2014-07-24 "OKUM" "Lu" 0.1482 0.1482 0.1488 0.1488 0.1488 "mg/kg" 9.27e-05 7.78e-06 3.089e-06 0.00224 0.00225 2.1 10 19 "median" 0.1488 0.00473
2014-07-24 "OKUM" "Lu" 0.1482 0.1482 0.1488 0.1488 0.1488 "mg/kg" 9.27e-05 7.78e-06 3.089e-06 0.00224 0.00225 2.1 26 19 "median" 0.1488 0.00473
2014-07-24 "OKUM" "Lu" 0.1482 0.1482 0.1488 0.1488 0.1488 "mg/kg" 9.27e-05 7.78e-06 3.089e-06 0.00224 0.00225 2.1 31 19 "median" 0.1488 0.00473
2014-07-24 "OKUM" "Nb" 0.4568 0.3651 0.3552 0.3525 0.3525 "mg/kg" 0.0074 0.000607 0.0002422 0.0263 0.0264 2.23 10 11 "median" 0.3525 0.0589
2014-07-24 "OKUM" "Nb" 0.4568 0.3651 0.3552 0.3525 0.3525 "mg/kg" 0.0074 0.000607 0.0002422 0.0263 0.0264 2.23 26 11 "median" 0.3525 0.0589
2014-07-24 "OKUM" "Nb" 0.4568 0.3651 0.3552 0.3525 0.3525 "mg/kg" 0.0074 0.000607 0.0002422 0.0263 0.0264 2.23 31 11 "median" 0.3525 0.0589
2014-07-24 "OKUM" "Nd" 1.478 1.494 1.498 1.499 1.499 "mg/kg" 0.00127 0.000419 0.000105 0.00942 0.00957 2.13 10 16 "median" 1.499 0.0204
2014-07-24 "OKUM" "Nd" 1.478 1.494 1.498 1.499 1.499 "mg/kg" 0.00127 0.000419 0.000105 0.00942 0.00957 2.13 26 16 "median" 1.499 0.0204
2014-07-24 "OKUM" "Nd" 1.478 1.494 1.498 1.499 1.499 "mg/kg" 0.00127 0.000419 0.000105 0.00942 0.00957 2.13 31 16 "median" 1.499 0.0204
2014-07-24 "OKUM" "Ni" 876.6 886.1 879.1 880.5 880.2 "mg/kg" 492 41.7 16.51 4.91 4.93 2.09 10 21 "median" 880.5 10.3
2014-07-24 "OKUM" "Ni" 876.6 886.1 879.1 880.5 880.2 "mg/kg" 492 41.7 16.51 4.91 4.93 2.09 26 21 "median" 880.5 10.3
2014-07-24 "OKUM" "Ni" 876.6 886.1 879.1 880.5 880.2 "mg/kg" 492 41.7 16.51 4.91 4.93 2.09 31 21 "median" 880.5 10.3
2014-07-24 "OKUM" "Pb" 0.2602 0.2614 0.2626 0.2626 0.2626 "mg/kg" 5.59e-12 0.00154 3.955e-08 0.00857 0.00857 2.45 10 7 "median" 0.2626 0.021
2014-07-24 "OKUM" "Pb" 0.2602 0.2614 0.2626 0.2626 0.2626 "mg/kg" 5.59e-12 0.00154 3.955e-08 0.00857 0.00857 2.45 26 7 "median" 0.2626 0.021
2014-07-24 "OKUM" "Pb" 0.2602 0.2614 0.2626 0.2626 0.2626 "mg/kg" 5.59e-12 0.00154 3.955e-08 0.00857 0.00857 2.45 31 7 "median" 0.2626 0.021
2014-07-24 "OKUM" "Pr" 0.2353 0.2353 0.2416 0.2416 0.2416 "g/100g" 0.000231 2.66e-05 9.461e-06 0.00376 0.00378 2.12 10 17 "median" 0.2416 0.00801
2014-07-24 "OKUM" "Pr" 0.2353 0.2353 0.2416 0.2416 0.2416 "g/100g" 0.000231 2.66e-05 9.461e-06 0.00376 0.00378 2.12 26 17 "median" 0.2416 0.00801
2014-07-24 "OKUM" "Pr" 0.2353 0.2353 0.2416 0.2416 0.2416 "g/100g" 0.000231 2.66e-05 9.461e-06 0.00376 0.00378 2.12 31 17 "median" 0.2416 0.00801
2014-07-24 "OKUM" "Rb" 1.109 0.964 0.9495 0.94 0.94 "mg/kg" 0.00847 0.00244 0.0006391 0.0258 0.026 2.16 10 14 "median" 0.94 0.0563
2014-07-24 "OKUM" "Rb" 1.109 0.964 0.9495 0.94 0.94 "mg/kg" 0.00847 0.00244 0.0006391 0.0258 0.026 2.16 26 14 "median" 0.94 0.0563
2014-07-24 "OKUM" "Rb" 1.109 0.964 0.9495 0.94 0.94 "mg/kg" 0.00847 0.00244 0.0006391 0.0258 0.026 2.16 31 14 "median" 0.94 0.0563
2014-07-24 "OKUM" "Sb" 0.07939 0.07936 0.07795 0.07795 0.07795 "mg/kg" 7.46e-05 6.24e-05 1.193e-05 0.00439 0.00446 2.78 10 5 "median" 0.07795 0.0124
2014-07-24 "OKUM" "Sb" 0.07939 0.07936 0.07795 0.07795 0.07795 "mg/kg" 7.46e-05 6.24e-05 1.193e-05 0.00439 0.00446 2.78 26 5 "median" 0.07795 0.0124
2014-07-24 "OKUM" "Sb" 0.07939 0.07936 0.07795 0.07795 0.07795 "mg/kg" 7.46e-05 6.24e-05 1.193e-05 0.00439 0.00446 2.78 31 5 "median" 0.07795 0.0124
2014-07-24 "OKUM" "Sc" 27.51 27.93 28.25 28.5 28.25 "mg/kg" 3.55 0.327 0.1257 0.418 0.42 2.09 10 21 "median" 28.5 0.875
2014-07-24 "OKUM" "Sc" 27.51 27.93 28.25 28.5 28.25 "mg/kg" 3.55 0.327 0.1257 0.418 0.42 2.09 26 21 "median" 28.5 0.875
2014-07-24 "OKUM" "Sc" 27.51 27.93 28.25 28.5 28.25 "mg/kg" 3.55 0.327 0.1257 0.418 0.42 2.09 31 21 "median" 28.5 0.875
2014-07-24 "OKUM" "Sm" 0.7095 0.7149 0.7105 0.7138 0.7138 "mg/kg" 0.000479 8.68e-05 2.631e-05 0.00533 0.00538 2.11 10 18 "median" 0.7138 0.0113
2014-07-24 "OKUM" "Sm" 0.7095 0.7149 0.7105 0.7138 0.7138 "mg/kg" 0.000479 8.68e-05 2.631e-05 0.00533 0.00538 2.11 26 18 "median" 0.7138 0.0113
2014-07-24 "OKUM" "Sm" 0.7095 0.7149 0.7105 0.7138 0.7138 "mg/kg" 0.000479 8.68e-05 2.631e-05 0.00533 0.00538 2.11 31 18 "median" 0.7138 0.0113
2014-07-24 "OKUM" "Sn" 0.2476 0.2476 0.258 0.258 0.258 "mg/kg" 0.000262 0.000184 3.687e-05 0.00809 0.0082 2.78 10 5 "median" 0.258 0.0228
2014-07-24 "OKUM" "Sn" 0.2476 0.2476 0.258 0.258 0.258 "mg/kg" 0.000262 0.000184 3.687e-05 0.00809 0.0082 2.78 26 5 "median" 0.258 0.0228
2014-07-24 "OKUM" "Sn" 0.2476 0.2476 0.258 0.258 0.258 "mg/kg" 0.000262 0.000184 3.687e-05 0.00809 0.0082 2.78 31 5 "median" 0.258 0.0228
2014-07-24 "OKUM" "Sr" 16.01 16.11 16.35 16.35 16.46 "mg/kg" 0.485 0.0657 0.02221 0.149 0.15 2.07 10 23 "median" 16.35 0.311
2014-07-24 "OKUM" "Sr" 16.01 16.11 16.35 16.35 16.46 "mg/kg" 0.485 0.0657 0.02221 0.149 0.15 2.07 26 23 "median" 16.35 0.311
2014-07-24 "OKUM" "Sr" 16.01 16.11 16.35 16.35 16.46 "mg/kg" 0.485 0.0657 0.02221 0.149 0.15 2.07 31 23 "median" 16.35 0.311
2014-07-24 "OKUM" "Ta" 0.0286 0.02641 0.02802 0.02761 0.02761 "mg/kg" 3.36e-05 5.56e-06 1.745e-06 0.00172 0.00173 2.2 10 12 "median" 0.02761 0.00382
2014-07-24 "OKUM" "Ta" 0.0286 0.02641 0.02802 0.02761 0.02761 "mg/kg" 3.36e-05 5.56e-06 1.745e-06 0.00172 0.00173 2.2 26 12 "median" 0.02761 0.00382
2014-07-24 "OKUM" "Ta" 0.0286 0.02641 0.02802 0.02761 0.02761 "mg/kg" 3.36e-05 5.56e-06 1.745e-06 0.00172 0.00173 2.2 31 12 "median" 0.02761 0.00382
2014-07-24 "OKUM" "Tb" 0.2253 0.2249 0.2286 0.2286 0.2286 "mg/kg" 0.000119 1.97e-05 6.189e-06 0.00265 0.00267 2.11 10 18 "median" 0.2286 0.00562
2014-07-24 "OKUM" "Tb" 0.2253 0.2249 0.2286 0.2286 0.2286 "mg/kg" 0.000119 1.97e-05 6.189e-06 0.00265 0.00267 2.11 26 18 "median" 0.2286 0.00562
2014-07-24 "OKUM" "Tb" 0.2253 0.2249 0.2286 0.2286 0.2286 "mg/kg" 0.000119 1.97e-05 6.189e-06 0.00265 0.00267 2.11 31 18 "median" 0.2286 0.00562
2014-07-24 "OKUM" "Th" 0.04245 0.031 0.03177 0.0285 0.0285 "mg/kg" 2.74e-05 3.06e-06 1.098e-06 0.00161 0.00162 2.23 10 11 "median" 0.0285 0.00361
2014-07-24 "OKUM" "Th" 0.04245 0.031 0.03177 0.0285 0.0285 "mg/kg" 2.74e-05 3.06e-06 1.098e-06 0.00161 0.00162 2.23 26 11 "median" 0.0285 0.00361
2014-07-24 "OKUM" "Th" 0.04245 0.031 0.03177 0.0285 0.0285 "mg/kg" 2.74e-05 3.06e-06 1.098e-06 0.00161 0.00162 2.23 31 11 "median" 0.0285 0.00361
2014-07-24 "OKUM" "Tl" 0.01455 0.01455 0.0143 0.0143 0.0143 "mg/kg" 5.63e-07 9.63e-08 2.932e-08 0.000446 0.000449 4.3 10 3 "median" 0.0143 0.00193
2014-07-24 "OKUM" "Tl" 0.01455 0.01455 0.0143 0.0143 0.0143 "mg/kg" 5.63e-07 9.63e-08 2.932e-08 0.000446 0.000449 4.3 26 3 "median" 0.0143 0.00193
2014-07-24 "OKUM" "Tl" 0.01455 0.01455 0.0143 0.0143 0.0143 "mg/kg" 5.63e-07 9.63e-08 2.932e-08 0.000446 0.000449 4.3 31 3 "median" 0.0143 0.00193
2014-07-24 "OKUM" "Tm" 0.1552 0.1533 0.1551 0.1549 0.1549 "mg/kg" 4.38e-05 9.08e-06 2.647e-06 0.00172 0.00173 2.13 10 16 "median" 0.1549 0.00368
2014-07-24 "OKUM" "Tm" 0.1552 0.1533 0.1551 0.1549 0.1549 "mg/kg" 4.38e-05 9.08e-06 2.647e-06 0.00172 0.00173 2.13 26 16 "median" 0.1549 0.00368
2014-07-24 "OKUM" "Tm" 0.1552 0.1533 0.1551 0.1549 0.1549 "mg/kg" 4.38e-05 9.08e-06 2.647e-06 0.00172 0.00173 2.13 31 16 "median" 0.1549 0.00368
2014-07-24 "OKUM" "U" 0.02669 0.01385 0.01222 0.01211 0.01211 "mg/kg" 1.59e-05 9.13e-07 4.111e-07 0.00116 0.00117 2.2 10 12 "median" 0.01211 0.00257
2014-07-24 "OKUM" "U" 0.02669 0.01385 0.01222 0.01211 0.01211 "mg/kg" 1.59e-05 9.13e-07 4.111e-07 0.00116 0.00117 2.2 26 12 "median" 0.01211 0.00257
2014-07-24 "OKUM" "U" 0.02669 0.01385 0.01222 0.01211 0.01211 "mg/kg" 1.59e-05 9.13e-07 4.111e-07 0.00116 0.00117 2.2 31 12 "median" 0.01211 0.00257
2014-07-24 "OKUM" "V" 166 167.8 167.5 169.5 168.5 "mg/kg" 38.6 2.92 1.201 1.44 1.45 2.1 10 19 "median" 169.5 3.05
2014-07-24 "OKUM" "V" 166 167.8 167.5 169.5 168.5 "mg/kg" 38.6 2.92 1.201 1.44 1.45 2.1 26 19 "median" 169.5 3.05
2014-07-24 "OKUM" "V" 166 167.8 167.5 169.5 168.5 "mg/kg" 38.6 2.92 1.201 1.44 1.45 2.1 31 19 "median" 169.5 3.05
2014-07-24 "OKUM" "Y" 9.141 9.082 9 8.998 8.995 "mg/kg" 0.358 0.00661 0.004398 0.138 0.138 2.1 10 19 "median" 8.998 0.29
2014-07-24 "OKUM" "Y" 9.141 9.082 9 8.998 8.995 "mg/kg" 0.358 0.00661 0.004398 0.138 0.138 2.1 26 19 "median" 8.998 0.29
2014-07-24 "OKUM" "Y" 9.141 9.082 9 8.998 8.995 "mg/kg" 0.358 0.00661 0.004398 0.138 0.138 2.1 31 19 "median" 8.998 0.29
2014-07-24 "OKUM" "Yb" 1.009 1.009 1.008 1.008 1.008 "mg/kg" 0.00221 0.000215 8.119e-05 0.0107 0.0107 2.09 10 20 "median" 1.008 0.0225
2014-07-24 "OKUM" "Yb" 1.009 1.009 1.008 1.008 1.008 "mg/kg" 0.00221 0.000215 8.119e-05 0.0107 0.0107 2.09 26 20 "median" 1.008 0.0225
2014-07-24 "OKUM" "Yb" 1.009 1.009 1.008 1.008 1.008 "mg/kg" 0.00221 0.000215 8.119e-05 0.0107 0.0107 2.09 31 20 "median" 1.008 0.0225
2014-07-24 "OKUM" "Zn" 61.58 61.22 62 61.8 62.11 "mg/kg" 17.2 0.929 0.4296 0.892 0.895 2.08 10 22 "median" 61.8 1.86
2014-07-24 "OKUM" "Zn" 61.58 61.22 62 61.8 62.11 "mg/kg" 17.2 0.929 0.4296 0.892 0.895 2.08 26 22 "median" 61.8 1.86
2014-07-24 "OKUM" "Zn" 61.58 61.22 62 61.8 62.11 "mg/kg" 17.2 0.929 0.4296 0.892 0.895 2.08 31 22 "median" 61.8 1.86
2014-07-24 "OKUM" "Zr" 18.81 16.97 17.93 17.12 17.12 "mg/kg" 5.12 0.0417 0.03596 0.567 0.567 2.13 10 16 "median" 17.12 1.21
2014-07-24 "OKUM" "Zr" 18.81 16.97 17.93 17.12 17.12 "mg/kg" 5.12 0.0417 0.03596 0.567 0.567 2.13 26 16 "median" 17.12 1.21
2014-07-24 "OKUM" "Zr" 18.81 16.97 17.93 17.12 17.12 "mg/kg" 5.12 0.0417 0.03596 0.567 0.567 2.13 31 16 "median" 17.12 1.21
