"date" "RM" "measurand" "mean.before" "mean.after" "median.before" "median.after" "median.after.noPP" "unit" "sL" "sbb" "sr" "u" "u.alternative" "t.value" "outlier" "labs remaining" "based on" "property value" "U"
2014-07-24 "MUH" "SiO2" 40.38 40.38 40.35 40.35 40.3 "g/100g" 0.143 0.0089 0.003926 0.0816 0.0819 2.08 10 22 "median" 40.35 0.17
2014-07-24 "MUH" "SiO2" 40.38 40.38 40.35 40.35 40.3 "g/100g" 0.143 0.0089 0.003926 0.0816 0.0819 2.08 6 22 "median" 40.35 0.17
2014-07-24 "MUH" "SiO2" 40.38 40.38 40.35 40.35 40.3 "g/100g" 0.143 0.0089 0.003926 0.0816 0.0819 2.08 26 22 "median" 40.35 0.17
2014-07-24 "MUH" "SiO2" 40.38 40.38 40.35 40.35 40.3 "g/100g" 0.143 0.0089 0.003926 0.0816 0.0819 2.08 33 22 "median" 40.35 0.17
2014-07-24 "MUH" "SiO2" 40.38 40.38 40.35 40.35 40.3 "g/100g" 0.143 0.0089 0.003926 0.0816 0.0819 2.08 31 22 "median" 40.35 0.17
2014-07-24 "MUH" "SiO2" 40.38 40.38 40.35 40.35 40.3 "g/100g" 0.143 0.0089 0.003926 0.0816 0.0819 2.08 24 22 "median" 40.35 0.17
2014-07-24 "MUH" "TiO2" 0.03599 0.03436 0.03472 0.0346 0.03452 "g/100g" 1.87e-05 1.52e-06 6.114e-07 0.000895 0.000899 2.07 10 24 "median" 0.0346 0.00186
2014-07-24 "MUH" "TiO2" 0.03599 0.03436 0.03472 0.0346 0.03452 "g/100g" 1.87e-05 1.52e-06 6.114e-07 0.000895 0.000899 2.07 6 24 "median" 0.0346 0.00186
2014-07-24 "MUH" "TiO2" 0.03599 0.03436 0.03472 0.0346 0.03452 "g/100g" 1.87e-05 1.52e-06 6.114e-07 0.000895 0.000899 2.07 26 24 "median" 0.0346 0.00186
2014-07-24 "MUH" "TiO2" 0.03599 0.03436 0.03472 0.0346 0.03452 "g/100g" 1.87e-05 1.52e-06 6.114e-07 0.000895 0.000899 2.07 33 24 "median" 0.0346 0.00186
2014-07-24 "MUH" "TiO2" 0.03599 0.03436 0.03472 0.0346 0.03452 "g/100g" 1.87e-05 1.52e-06 6.114e-07 0.000895 0.000899 2.07 31 24 "median" 0.0346 0.00186
2014-07-24 "MUH" "TiO2" 0.03599 0.03436 0.03472 0.0346 0.03452 "g/100g" 1.87e-05 1.52e-06 6.114e-07 0.000895 0.000899 2.07 24 24 "median" 0.0346 0.00186
2014-07-24 "MUH" "Al2O3" 1.33 1.334 1.33 1.33 1.33 "g/100g" 0.00156 0.000124 5.028e-05 0.00896 0.00899 2.09 10 20 "median" 1.33 0.0188
2014-07-24 "MUH" "Al2O3" 1.33 1.334 1.33 1.33 1.33 "g/100g" 0.00156 0.000124 5.028e-05 0.00896 0.00899 2.09 6 20 "median" 1.33 0.0188
2014-07-24 "MUH" "Al2O3" 1.33 1.334 1.33 1.33 1.33 "g/100g" 0.00156 0.000124 5.028e-05 0.00896 0.00899 2.09 26 20 "median" 1.33 0.0188
2014-07-24 "MUH" "Al2O3" 1.33 1.334 1.33 1.33 1.33 "g/100g" 0.00156 0.000124 5.028e-05 0.00896 0.00899 2.09 33 20 "median" 1.33 0.0188
2014-07-24 "MUH" "Al2O3" 1.33 1.334 1.33 1.33 1.33 "g/100g" 0.00156 0.000124 5.028e-05 0.00896 0.00899 2.09 31 20 "median" 1.33 0.0188
2014-07-24 "MUH" "Al2O3" 1.33 1.334 1.33 1.33 1.33 "g/100g" 0.00156 0.000124 5.028e-05 0.00896 0.00899 2.09 24 20 "median" 1.33 0.0188
2014-07-24 "MUH" "Fe2O3T" 8.638 8.587 8.602 8.585 8.575 "g/100g" 0.0149 0.000805 0.0003724 0.0257 0.0258 2.07 10 23 "median" 8.585 0.0534
2014-07-24 "MUH" "Fe2O3T" 8.638 8.587 8.602 8.585 8.575 "g/100g" 0.0149 0.000805 0.0003724 0.0257 0.0258 2.07 6 23 "median" 8.585 0.0534
2014-07-24 "MUH" "Fe2O3T" 8.638 8.587 8.602 8.585 8.575 "g/100g" 0.0149 0.000805 0.0003724 0.0257 0.0258 2.07 26 23 "median" 8.585 0.0534
2014-07-24 "MUH" "Fe2O3T" 8.638 8.587 8.602 8.585 8.575 "g/100g" 0.0149 0.000805 0.0003724 0.0257 0.0258 2.07 33 23 "median" 8.585 0.0534
2014-07-24 "MUH" "Fe2O3T" 8.638 8.587 8.602 8.585 8.575 "g/100g" 0.0149 0.000805 0.0003724 0.0257 0.0258 2.07 31 23 "median" 8.585 0.0534
2014-07-24 "MUH" "Fe2O3T" 8.638 8.587 8.602 8.585 8.575 "g/100g" 0.0149 0.000805 0.0003724 0.0257 0.0258 2.07 24 23 "median" 8.585 0.0534
2014-07-24 "MUH" "FeO" 3.487 3.487 3.3 3.3 3.3 "g/100g" 0.412 0.0152 0.007771 0.373 0.374 4.3 10 3 "median" 3.3 1.61
2014-07-24 "MUH" "FeO" 3.487 3.487 3.3 3.3 3.3 "g/100g" 0.412 0.0152 0.007771 0.373 0.374 4.3 6 3 "median" 3.3 1.61
2014-07-24 "MUH" "FeO" 3.487 3.487 3.3 3.3 3.3 "g/100g" 0.412 0.0152 0.007771 0.373 0.374 4.3 26 3 "median" 3.3 1.61
2014-07-24 "MUH" "FeO" 3.487 3.487 3.3 3.3 3.3 "g/100g" 0.412 0.0152 0.007771 0.373 0.374 4.3 33 3 "median" 3.3 1.61
2014-07-24 "MUH" "FeO" 3.487 3.487 3.3 3.3 3.3 "g/100g" 0.412 0.0152 0.007771 0.373 0.374 4.3 31 3 "median" 3.3 1.61
2014-07-24 "MUH" "FeO" 3.487 3.487 3.3 3.3 3.3 "g/100g" 0.412 0.0152 0.007771 0.373 0.374 4.3 24 3 "median" 3.3 1.61
2014-07-24 "MUH" "MnO" 0.1195 0.1179 0.1183 0.1176 0.1175 "g/100g" 8.74e-06 1.29e-06 4.222e-07 0.000662 0.000666 2.09 10 21 "median" 0.1176 0.00139
2014-07-24 "MUH" "MnO" 0.1195 0.1179 0.1183 0.1176 0.1175 "g/100g" 8.74e-06 1.29e-06 4.222e-07 0.000662 0.000666 2.09 6 21 "median" 0.1176 0.00139
2014-07-24 "MUH" "MnO" 0.1195 0.1179 0.1183 0.1176 0.1175 "g/100g" 8.74e-06 1.29e-06 4.222e-07 0.000662 0.000666 2.09 26 21 "median" 0.1176 0.00139
2014-07-24 "MUH" "MnO" 0.1195 0.1179 0.1183 0.1176 0.1175 "g/100g" 8.74e-06 1.29e-06 4.222e-07 0.000662 0.000666 2.09 33 21 "median" 0.1176 0.00139
2014-07-24 "MUH" "MnO" 0.1195 0.1179 0.1183 0.1176 0.1175 "g/100g" 8.74e-06 1.29e-06 4.222e-07 0.000662 0.000666 2.09 31 21 "median" 0.1176 0.00139
2014-07-24 "MUH" "MnO" 0.1195 0.1179 0.1183 0.1176 0.1175 "g/100g" 8.74e-06 1.29e-06 4.222e-07 0.000662 0.000666 2.09 24 21 "median" 0.1176 0.00139
2014-07-24 "MUH" "MgO" 38.19 38.25 38.24 38.28 38.31 "g/100g" 0.137 0.00976 0.004103 0.0781 0.0784 2.07 10 23 "median" 38.28 0.163
2014-07-24 "MUH" "MgO" 38.19 38.25 38.24 38.28 38.31 "g/100g" 0.137 0.00976 0.004103 0.0781 0.0784 2.07 6 23 "median" 38.28 0.163
2014-07-24 "MUH" "MgO" 38.19 38.25 38.24 38.28 38.31 "g/100g" 0.137 0.00976 0.004103 0.0781 0.0784 2.07 26 23 "median" 38.28 0.163
2014-07-24 "MUH" "MgO" 38.19 38.25 38.24 38.28 38.31 "g/100g" 0.137 0.00976 0.004103 0.0781 0.0784 2.07 33 23 "median" 38.28 0.163
2014-07-24 "MUH" "MgO" 38.19 38.25 38.24 38.28 38.31 "g/100g" 0.137 0.00976 0.004103 0.0781 0.0784 2.07 31 23 "median" 38.28 0.163
2014-07-24 "MUH" "MgO" 38.19 38.25 38.24 38.28 38.31 "g/100g" 0.137 0.00976 0.004103 0.0781 0.0784 2.07 24 23 "median" 38.28 0.163
2014-07-24 "MUH" "CaO" 1.214 1.213 1.215 1.215 1.216 "g/100g" 0.000484 9.76e-05 2.873e-05 0.00497 0.00501 2.09 10 21 "median" 1.215 0.0104
2014-07-24 "MUH" "CaO" 1.214 1.213 1.215 1.215 1.216 "g/100g" 0.000484 9.76e-05 2.873e-05 0.00497 0.00501 2.09 6 21 "median" 1.215 0.0104
2014-07-24 "MUH" "CaO" 1.214 1.213 1.215 1.215 1.216 "g/100g" 0.000484 9.76e-05 2.873e-05 0.00497 0.00501 2.09 26 21 "median" 1.215 0.0104
2014-07-24 "MUH" "CaO" 1.214 1.213 1.215 1.215 1.216 "g/100g" 0.000484 9.76e-05 2.873e-05 0.00497 0.00501 2.09 33 21 "median" 1.215 0.0104
2014-07-24 "MUH" "CaO" 1.214 1.213 1.215 1.215 1.216 "g/100g" 0.000484 9.76e-05 2.873e-05 0.00497 0.00501 2.09 31 21 "median" 1.215 0.0104
2014-07-24 "MUH" "CaO" 1.214 1.213 1.215 1.215 1.216 "g/100g" 0.000484 9.76e-05 2.873e-05 0.00497 0.00501 2.09 24 21 "median" 1.215 0.0104
2014-07-24 "MUH" "Na2O" 0.09948 0.1037 0.1 0.1 0.1 "g/100g" 0.000383 1.95e-05 9.212e-06 0.00466 0.00467 2.11 10 18 "median" 0.1 0.00986
2014-07-24 "MUH" "Na2O" 0.09948 0.1037 0.1 0.1 0.1 "g/100g" 0.000383 1.95e-05 9.212e-06 0.00466 0.00467 2.11 6 18 "median" 0.1 0.00986
2014-07-24 "MUH" "Na2O" 0.09948 0.1037 0.1 0.1 0.1 "g/100g" 0.000383 1.95e-05 9.212e-06 0.00466 0.00467 2.11 26 18 "median" 0.1 0.00986
2014-07-24 "MUH" "Na2O" 0.09948 0.1037 0.1 0.1 0.1 "g/100g" 0.000383 1.95e-05 9.212e-06 0.00466 0.00467 2.11 33 18 "median" 0.1 0.00986
2014-07-24 "MUH" "Na2O" 0.09948 0.1037 0.1 0.1 0.1 "g/100g" 0.000383 1.95e-05 9.212e-06 0.00466 0.00467 2.11 31 18 "median" 0.1 0.00986
2014-07-24 "MUH" "Na2O" 0.09948 0.1037 0.1 0.1 0.1 "g/100g" 0.000383 1.95e-05 9.212e-06 0.00466 0.00467 2.11 24 18 "median" 0.1 0.00986
2014-07-24 "MUH" "K2O" 0.01352 0.01188 0.01093 0.01093 0.0117 "g/100g" 2.17e-05 4.38e-06 1.287e-06 0.00129 0.0013 2.16 10 14 "median" 0.01093 0.0028
2014-07-24 "MUH" "K2O" 0.01352 0.01188 0.01093 0.01093 0.0117 "g/100g" 2.17e-05 4.38e-06 1.287e-06 0.00129 0.0013 2.16 6 14 "median" 0.01093 0.0028
2014-07-24 "MUH" "K2O" 0.01352 0.01188 0.01093 0.01093 0.0117 "g/100g" 2.17e-05 4.38e-06 1.287e-06 0.00129 0.0013 2.16 26 14 "median" 0.01093 0.0028
2014-07-24 "MUH" "K2O" 0.01352 0.01188 0.01093 0.01093 0.0117 "g/100g" 2.17e-05 4.38e-06 1.287e-06 0.00129 0.0013 2.16 33 14 "median" 0.01093 0.0028
2014-07-24 "MUH" "K2O" 0.01352 0.01188 0.01093 0.01093 0.0117 "g/100g" 2.17e-05 4.38e-06 1.287e-06 0.00129 0.0013 2.16 31 14 "median" 0.01093 0.0028
2014-07-24 "MUH" "K2O" 0.01352 0.01188 0.01093 0.01093 0.0117 "g/100g" 2.17e-05 4.38e-06 1.287e-06 0.00129 0.0013 2.16 24 14 "median" 0.01093 0.0028
2014-07-24 "MUH" "P2O5" 0.01045 0.007502 0.0095 0.008142 0.008142 "g/100g" 1.31e-05 2.79e-07 1.771e-07 0.00101 0.00101 2.18 10 13 "median" 0.008142 0.0022
2014-07-24 "MUH" "P2O5" 0.01045 0.007502 0.0095 0.008142 0.008142 "g/100g" 1.31e-05 2.79e-07 1.771e-07 0.00101 0.00101 2.18 6 13 "median" 0.008142 0.0022
2014-07-24 "MUH" "P2O5" 0.01045 0.007502 0.0095 0.008142 0.008142 "g/100g" 1.31e-05 2.79e-07 1.771e-07 0.00101 0.00101 2.18 26 13 "median" 0.008142 0.0022
2014-07-24 "MUH" "P2O5" 0.01045 0.007502 0.0095 0.008142 0.008142 "g/100g" 1.31e-05 2.79e-07 1.771e-07 0.00101 0.00101 2.18 33 13 "median" 0.008142 0.0022
2014-07-24 "MUH" "P2O5" 0.01045 0.007502 0.0095 0.008142 0.008142 "g/100g" 1.31e-05 2.79e-07 1.771e-07 0.00101 0.00101 2.18 31 13 "median" 0.008142 0.0022
2014-07-24 "MUH" "P2O5" 0.01045 0.007502 0.0095 0.008142 0.008142 "g/100g" 1.31e-05 2.79e-07 1.771e-07 0.00101 0.00101 2.18 24 13 "median" 0.008142 0.0022
2014-07-24 "MUH" "H2O." 0.1401 0.1401 0.1162 0.1162 0.1162 "g/100g" 0.00607 0.000213 0.000112 0.0392 0.0393 3.18 10 4 "median" 0.1162 0.125
2014-07-24 "MUH" "H2O." 0.1401 0.1401 0.1162 0.1162 0.1162 "g/100g" 0.00607 0.000213 0.000112 0.0392 0.0393 3.18 6 4 "median" 0.1162 0.125
2014-07-24 "MUH" "H2O." 0.1401 0.1401 0.1162 0.1162 0.1162 "g/100g" 0.00607 0.000213 0.000112 0.0392 0.0393 3.18 26 4 "median" 0.1162 0.125
2014-07-24 "MUH" "H2O." 0.1401 0.1401 0.1162 0.1162 0.1162 "g/100g" 0.00607 0.000213 0.000112 0.0392 0.0393 3.18 33 4 "median" 0.1162 0.125
2014-07-24 "MUH" "H2O." 0.1401 0.1401 0.1162 0.1162 0.1162 "g/100g" 0.00607 0.000213 0.000112 0.0392 0.0393 3.18 31 4 "median" 0.1162 0.125
2014-07-24 "MUH" "H2O." 0.1401 0.1401 0.1162 0.1162 0.1162 "g/100g" 0.00607 0.000213 0.000112 0.0392 0.0393 3.18 24 4 "median" 0.1162 0.125
2014-07-24 "MUH" "CO2" 1.032 1.032 1.021 1.021 1.021 "g/100g" 0.00486 0.00234 0.0005141 0.0533 0.0539 12.71 10 2 "median" 1.021 0.685
2014-07-24 "MUH" "CO2" 1.032 1.032 1.021 1.021 1.021 "g/100g" 0.00486 0.00234 0.0005141 0.0533 0.0539 12.71 6 2 "median" 1.021 0.685
2014-07-24 "MUH" "CO2" 1.032 1.032 1.021 1.021 1.021 "g/100g" 0.00486 0.00234 0.0005141 0.0533 0.0539 12.71 26 2 "median" 1.021 0.685
2014-07-24 "MUH" "CO2" 1.032 1.032 1.021 1.021 1.021 "g/100g" 0.00486 0.00234 0.0005141 0.0533 0.0539 12.71 33 2 "median" 1.021 0.685
2014-07-24 "MUH" "CO2" 1.032 1.032 1.021 1.021 1.021 "g/100g" 0.00486 0.00234 0.0005141 0.0533 0.0539 12.71 31 2 "median" 1.021 0.685
2014-07-24 "MUH" "CO2" 1.032 1.032 1.021 1.021 1.021 "g/100g" 0.00486 0.00234 0.0005141 0.0533 0.0539 12.71 24 2 "median" 1.021 0.685
2014-07-24 "MUH" "LOI" 9.384 9.384 9.335 9.335 9.335 "g/100g" 0.0382 0.00243 0.001064 0.0422 0.0423 2.08 10 22 "median" 9.335 0.088
2014-07-24 "MUH" "LOI" 9.384 9.384 9.335 9.335 9.335 "g/100g" 0.0382 0.00243 0.001064 0.0422 0.0423 2.08 6 22 "median" 9.335 0.088
2014-07-24 "MUH" "LOI" 9.384 9.384 9.335 9.335 9.335 "g/100g" 0.0382 0.00243 0.001064 0.0422 0.0423 2.08 26 22 "median" 9.335 0.088
2014-07-24 "MUH" "LOI" 9.384 9.384 9.335 9.335 9.335 "g/100g" 0.0382 0.00243 0.001064 0.0422 0.0423 2.08 33 22 "median" 9.335 0.088
2014-07-24 "MUH" "LOI" 9.384 9.384 9.335 9.335 9.335 "g/100g" 0.0382 0.00243 0.001064 0.0422 0.0423 2.08 31 22 "median" 9.335 0.088
2014-07-24 "MUH" "LOI" 9.384 9.384 9.335 9.335 9.335 "g/100g" 0.0382 0.00243 0.001064 0.0422 0.0423 2.08 24 22 "median" 9.335 0.088
2014-07-24 "MUH" "As" 3.642 3.642 3.582 3.582 3.582 "mg/kg" 0.754 0.054 0.02252 0.311 0.312 2.36 10 8 "median" 3.582 0.738
2014-07-24 "MUH" "As" 3.642 3.642 3.582 3.582 3.582 "mg/kg" 0.754 0.054 0.02252 0.311 0.312 2.36 6 8 "median" 3.582 0.738
2014-07-24 "MUH" "As" 3.642 3.642 3.582 3.582 3.582 "mg/kg" 0.754 0.054 0.02252 0.311 0.312 2.36 26 8 "median" 3.582 0.738
2014-07-24 "MUH" "As" 3.642 3.642 3.582 3.582 3.582 "mg/kg" 0.754 0.054 0.02252 0.311 0.312 2.36 33 8 "median" 3.582 0.738
2014-07-24 "MUH" "As" 3.642 3.642 3.582 3.582 3.582 "mg/kg" 0.754 0.054 0.02252 0.311 0.312 2.36 31 8 "median" 3.582 0.738
2014-07-24 "MUH" "As" 3.642 3.642 3.582 3.582 3.582 "mg/kg" 0.754 0.054 0.02252 0.311 0.312 2.36 24 8 "median" 3.582 0.738
2014-07-24 "MUH" "Ba" 5.972 4.979 4.971 4.905 4.971 "mg/kg" 0.241 0.178 0.03531 0.134 0.135 2.12 10 17 "median" 4.905 0.287
2014-07-24 "MUH" "Ba" 5.972 4.979 4.971 4.905 4.971 "mg/kg" 0.241 0.178 0.03531 0.134 0.135 2.12 6 17 "median" 4.905 0.287
2014-07-24 "MUH" "Ba" 5.972 4.979 4.971 4.905 4.971 "mg/kg" 0.241 0.178 0.03531 0.134 0.135 2.12 26 17 "median" 4.905 0.287
2014-07-24 "MUH" "Ba" 5.972 4.979 4.971 4.905 4.971 "mg/kg" 0.241 0.178 0.03531 0.134 0.135 2.12 33 17 "median" 4.905 0.287
2014-07-24 "MUH" "Ba" 5.972 4.979 4.971 4.905 4.971 "mg/kg" 0.241 0.178 0.03531 0.134 0.135 2.12 31 17 "median" 4.905 0.287
2014-07-24 "MUH" "Ba" 5.972 4.979 4.971 4.905 4.971 "mg/kg" 0.241 0.178 0.03531 0.134 0.135 2.12 24 17 "median" 4.905 0.287
2014-07-24 "MUH" "Be" 0.01169 0.01169 0.01241 0.01241 0.01241 "mg/kg" 2.51e-06 8.41e-07 2.071e-07 0.000967 0.000976 4.3 10 3 "median" 0.01241 0.0042
2014-07-24 "MUH" "Be" 0.01169 0.01169 0.01241 0.01241 0.01241 "mg/kg" 2.51e-06 8.41e-07 2.071e-07 0.000967 0.000976 4.3 6 3 "median" 0.01241 0.0042
2014-07-24 "MUH" "Be" 0.01169 0.01169 0.01241 0.01241 0.01241 "mg/kg" 2.51e-06 8.41e-07 2.071e-07 0.000967 0.000976 4.3 26 3 "median" 0.01241 0.0042
2014-07-24 "MUH" "Be" 0.01169 0.01169 0.01241 0.01241 0.01241 "mg/kg" 2.51e-06 8.41e-07 2.071e-07 0.000967 0.000976 4.3 33 3 "median" 0.01241 0.0042
2014-07-24 "MUH" "Be" 0.01169 0.01169 0.01241 0.01241 0.01241 "mg/kg" 2.51e-06 8.41e-07 2.071e-07 0.000967 0.000976 4.3 31 3 "median" 0.01241 0.0042
2014-07-24 "MUH" "Be" 0.01169 0.01169 0.01241 0.01241 0.01241 "mg/kg" 2.51e-06 8.41e-07 2.071e-07 0.000967 0.000976 4.3 24 3 "median" 0.01241 0.0042
2014-07-24 "MUH" "Ce" 0.2208 0.212 0.1995 0.1985 0.1985 "mg/kg" 0.000732 0.000236 5.97e-05 0.00763 0.0077 2.16 10 14 "median" 0.1985 0.0166
2014-07-24 "MUH" "Ce" 0.2208 0.212 0.1995 0.1985 0.1985 "mg/kg" 0.000732 0.000236 5.97e-05 0.00763 0.0077 2.16 6 14 "median" 0.1985 0.0166
2014-07-24 "MUH" "Ce" 0.2208 0.212 0.1995 0.1985 0.1985 "mg/kg" 0.000732 0.000236 5.97e-05 0.00763 0.0077 2.16 26 14 "median" 0.1985 0.0166
2014-07-24 "MUH" "Ce" 0.2208 0.212 0.1995 0.1985 0.1985 "mg/kg" 0.000732 0.000236 5.97e-05 0.00763 0.0077 2.16 33 14 "median" 0.1985 0.0166
2014-07-24 "MUH" "Ce" 0.2208 0.212 0.1995 0.1985 0.1985 "mg/kg" 0.000732 0.000236 5.97e-05 0.00763 0.0077 2.16 31 14 "median" 0.1985 0.0166
2014-07-24 "MUH" "Ce" 0.2208 0.212 0.1995 0.1985 0.1985 "mg/kg" 0.000732 0.000236 5.97e-05 0.00763 0.0077 2.16 24 14 "median" 0.1985 0.0166
2014-07-24 "MUH" "Co" 106.4 106.7 106.8 106.9 106.8 "mg/kg" 29.7 1.65 0.7564 1.17 1.18 2.08 10 22 "median" 106.9 2.45
2014-07-24 "MUH" "Co" 106.4 106.7 106.8 106.9 106.8 "mg/kg" 29.7 1.65 0.7564 1.17 1.18 2.08 6 22 "median" 106.9 2.45
2014-07-24 "MUH" "Co" 106.4 106.7 106.8 106.9 106.8 "mg/kg" 29.7 1.65 0.7564 1.17 1.18 2.08 26 22 "median" 106.9 2.45
2014-07-24 "MUH" "Co" 106.4 106.7 106.8 106.9 106.8 "mg/kg" 29.7 1.65 0.7564 1.17 1.18 2.08 33 22 "median" 106.9 2.45
2014-07-24 "MUH" "Co" 106.4 106.7 106.8 106.9 106.8 "mg/kg" 29.7 1.65 0.7564 1.17 1.18 2.08 31 22 "median" 106.9 2.45
2014-07-24 "MUH" "Co" 106.4 106.7 106.8 106.9 106.8 "mg/kg" 29.7 1.65 0.7564 1.17 1.18 2.08 24 22 "median" 106.9 2.45
2014-07-24 "MUH" "Cr" 2545 2666 2692 2706 2705 "mg/kg" 15900 298 197.3 27.6 27.7 2.09 10 21 "median" 2706 57.7
2014-07-24 "MUH" "Cr" 2545 2666 2692 2706 2705 "mg/kg" 15900 298 197.3 27.6 27.7 2.09 6 21 "median" 2706 57.7
2014-07-24 "MUH" "Cr" 2545 2666 2692 2706 2705 "mg/kg" 15900 298 197.3 27.6 27.7 2.09 26 21 "median" 2706 57.7
2014-07-24 "MUH" "Cr" 2545 2666 2692 2706 2705 "mg/kg" 15900 298 197.3 27.6 27.7 2.09 33 21 "median" 2706 57.7
2014-07-24 "MUH" "Cr" 2545 2666 2692 2706 2705 "mg/kg" 15900 298 197.3 27.6 27.7 2.09 31 21 "median" 2706 57.7
2014-07-24 "MUH" "Cr" 2545 2666 2692 2706 2705 "mg/kg" 15900 298 197.3 27.6 27.7 2.09 24 21 "median" 2706 57.7
2014-07-24 "MUH" "Cs" 0.09793 0.0989 0.09705 0.09755 0.09755 "mg/kg" 1.69e-05 1.19e-05 2.393e-06 0.00127 0.00129 2.18 10 13 "median" 0.09755 0.00281
2014-07-24 "MUH" "Cs" 0.09793 0.0989 0.09705 0.09755 0.09755 "mg/kg" 1.69e-05 1.19e-05 2.393e-06 0.00127 0.00129 2.18 6 13 "median" 0.09755 0.00281
2014-07-24 "MUH" "Cs" 0.09793 0.0989 0.09705 0.09755 0.09755 "mg/kg" 1.69e-05 1.19e-05 2.393e-06 0.00127 0.00129 2.18 26 13 "median" 0.09755 0.00281
2014-07-24 "MUH" "Cs" 0.09793 0.0989 0.09705 0.09755 0.09755 "mg/kg" 1.69e-05 1.19e-05 2.393e-06 0.00127 0.00129 2.18 33 13 "median" 0.09755 0.00281
2014-07-24 "MUH" "Cs" 0.09793 0.0989 0.09705 0.09755 0.09755 "mg/kg" 1.69e-05 1.19e-05 2.393e-06 0.00127 0.00129 2.18 31 13 "median" 0.09755 0.00281
2014-07-24 "MUH" "Cs" 0.09793 0.0989 0.09705 0.09755 0.09755 "mg/kg" 1.69e-05 1.19e-05 2.393e-06 0.00127 0.00129 2.18 24 13 "median" 0.09755 0.00281
2014-07-24 "MUH" "Cu" 18.6 19.09 18.76 18.89 18.89 "mg/kg" 1.75 0.251 0.08281 0.329 0.331 2.12 10 17 "median" 18.89 0.702
2014-07-24 "MUH" "Cu" 18.6 19.09 18.76 18.89 18.89 "mg/kg" 1.75 0.251 0.08281 0.329 0.331 2.12 6 17 "median" 18.89 0.702
2014-07-24 "MUH" "Cu" 18.6 19.09 18.76 18.89 18.89 "mg/kg" 1.75 0.251 0.08281 0.329 0.331 2.12 26 17 "median" 18.89 0.702
2014-07-24 "MUH" "Cu" 18.6 19.09 18.76 18.89 18.89 "mg/kg" 1.75 0.251 0.08281 0.329 0.331 2.12 33 17 "median" 18.89 0.702
2014-07-24 "MUH" "Cu" 18.6 19.09 18.76 18.89 18.89 "mg/kg" 1.75 0.251 0.08281 0.329 0.331 2.12 31 17 "median" 18.89 0.702
2014-07-24 "MUH" "Cu" 18.6 19.09 18.76 18.89 18.89 "mg/kg" 1.75 0.251 0.08281 0.329 0.331 2.12 24 17 "median" 18.89 0.702
2014-07-24 "MUH" "Dy" 0.1494 0.1528 0.1536 0.1542 0.1542 "mg/kg" 0.000157 1.96e-05 6.788e-06 0.00311 0.00313 2.12 10 17 "median" 0.1542 0.00663
2014-07-24 "MUH" "Dy" 0.1494 0.1528 0.1536 0.1542 0.1542 "mg/kg" 0.000157 1.96e-05 6.788e-06 0.00311 0.00313 2.12 6 17 "median" 0.1542 0.00663
2014-07-24 "MUH" "Dy" 0.1494 0.1528 0.1536 0.1542 0.1542 "mg/kg" 0.000157 1.96e-05 6.788e-06 0.00311 0.00313 2.12 26 17 "median" 0.1542 0.00663
2014-07-24 "MUH" "Dy" 0.1494 0.1528 0.1536 0.1542 0.1542 "mg/kg" 0.000157 1.96e-05 6.788e-06 0.00311 0.00313 2.12 33 17 "median" 0.1542 0.00663
2014-07-24 "MUH" "Dy" 0.1494 0.1528 0.1536 0.1542 0.1542 "mg/kg" 0.000157 1.96e-05 6.788e-06 0.00311 0.00313 2.12 31 17 "median" 0.1542 0.00663
2014-07-24 "MUH" "Dy" 0.1494 0.1528 0.1536 0.1542 0.1542 "mg/kg" 0.000157 1.96e-05 6.788e-06 0.00311 0.00313 2.12 24 17 "median" 0.1542 0.00663
2014-07-24 "MUH" "Er" 0.1063 0.1082 0.1088 0.109 0.109 "mg/kg" 1.62e-05 5.09e-06 1.296e-06 0.00103 0.00104 2.12 10 17 "median" 0.109 0.0022
2014-07-24 "MUH" "Er" 0.1063 0.1082 0.1088 0.109 0.109 "mg/kg" 1.62e-05 5.09e-06 1.296e-06 0.00103 0.00104 2.12 6 17 "median" 0.109 0.0022
2014-07-24 "MUH" "Er" 0.1063 0.1082 0.1088 0.109 0.109 "mg/kg" 1.62e-05 5.09e-06 1.296e-06 0.00103 0.00104 2.12 26 17 "median" 0.109 0.0022
2014-07-24 "MUH" "Er" 0.1063 0.1082 0.1088 0.109 0.109 "mg/kg" 1.62e-05 5.09e-06 1.296e-06 0.00103 0.00104 2.12 33 17 "median" 0.109 0.0022
2014-07-24 "MUH" "Er" 0.1063 0.1082 0.1088 0.109 0.109 "mg/kg" 1.62e-05 5.09e-06 1.296e-06 0.00103 0.00104 2.12 31 17 "median" 0.109 0.0022
2014-07-24 "MUH" "Er" 0.1063 0.1082 0.1088 0.109 0.109 "mg/kg" 1.62e-05 5.09e-06 1.296e-06 0.00103 0.00104 2.12 24 17 "median" 0.109 0.0022
2014-07-24 "MUH" "Eu" 0.02667 0.0262 0.02678 0.02655 0.02655 "mg/kg" 2.65e-06 1.06e-06 2.509e-07 0.000449 0.000454 2.14 10 15 "median" 0.02655 0.000973
2014-07-24 "MUH" "Eu" 0.02667 0.0262 0.02678 0.02655 0.02655 "mg/kg" 2.65e-06 1.06e-06 2.509e-07 0.000449 0.000454 2.14 6 15 "median" 0.02655 0.000973
2014-07-24 "MUH" "Eu" 0.02667 0.0262 0.02678 0.02655 0.02655 "mg/kg" 2.65e-06 1.06e-06 2.509e-07 0.000449 0.000454 2.14 26 15 "median" 0.02655 0.000973
2014-07-24 "MUH" "Eu" 0.02667 0.0262 0.02678 0.02655 0.02655 "mg/kg" 2.65e-06 1.06e-06 2.509e-07 0.000449 0.000454 2.14 33 15 "median" 0.02655 0.000973
2014-07-24 "MUH" "Eu" 0.02667 0.0262 0.02678 0.02655 0.02655 "mg/kg" 2.65e-06 1.06e-06 2.509e-07 0.000449 0.000454 2.14 31 15 "median" 0.02655 0.000973
2014-07-24 "MUH" "Eu" 0.02667 0.0262 0.02678 0.02655 0.02655 "mg/kg" 2.65e-06 1.06e-06 2.509e-07 0.000449 0.000454 2.14 24 15 "median" 0.02655 0.000973
2014-07-24 "MUH" "Ga" 1.419 1.384 1.459 1.4 1.386 "mg/kg" 0.0188 0.00267 0.0008811 0.0424 0.0426 2.23 10 11 "median" 1.4 0.0949
2014-07-24 "MUH" "Ga" 1.419 1.384 1.459 1.4 1.386 "mg/kg" 0.0188 0.00267 0.0008811 0.0424 0.0426 2.23 6 11 "median" 1.4 0.0949
2014-07-24 "MUH" "Ga" 1.419 1.384 1.459 1.4 1.386 "mg/kg" 0.0188 0.00267 0.0008811 0.0424 0.0426 2.23 26 11 "median" 1.4 0.0949
2014-07-24 "MUH" "Ga" 1.419 1.384 1.459 1.4 1.386 "mg/kg" 0.0188 0.00267 0.0008811 0.0424 0.0426 2.23 33 11 "median" 1.4 0.0949
2014-07-24 "MUH" "Ga" 1.419 1.384 1.459 1.4 1.386 "mg/kg" 0.0188 0.00267 0.0008811 0.0424 0.0426 2.23 31 11 "median" 1.4 0.0949
2014-07-24 "MUH" "Ga" 1.419 1.384 1.459 1.4 1.386 "mg/kg" 0.0188 0.00267 0.0008811 0.0424 0.0426 2.23 24 11 "median" 1.4 0.0949
2014-07-24 "MUH" "Gd" 0.1093 0.1075 0.1104 0.1104 0.1104 "mg/kg" 4.6e-05 5.41e-06 1.906e-06 0.002 0.00201 2.2 10 12 "median" 0.1104 0.00442
2014-07-24 "MUH" "Gd" 0.1093 0.1075 0.1104 0.1104 0.1104 "mg/kg" 4.6e-05 5.41e-06 1.906e-06 0.002 0.00201 2.2 6 12 "median" 0.1104 0.00442
2014-07-24 "MUH" "Gd" 0.1093 0.1075 0.1104 0.1104 0.1104 "mg/kg" 4.6e-05 5.41e-06 1.906e-06 0.002 0.00201 2.2 26 12 "median" 0.1104 0.00442
2014-07-24 "MUH" "Gd" 0.1093 0.1075 0.1104 0.1104 0.1104 "mg/kg" 4.6e-05 5.41e-06 1.906e-06 0.002 0.00201 2.2 33 12 "median" 0.1104 0.00442
2014-07-24 "MUH" "Gd" 0.1093 0.1075 0.1104 0.1104 0.1104 "mg/kg" 4.6e-05 5.41e-06 1.906e-06 0.002 0.00201 2.2 31 12 "median" 0.1104 0.00442
2014-07-24 "MUH" "Gd" 0.1093 0.1075 0.1104 0.1104 0.1104 "mg/kg" 4.6e-05 5.41e-06 1.906e-06 0.002 0.00201 2.2 24 12 "median" 0.1104 0.00442
2014-07-24 "MUH" "Hf" 0.06129 0.04357 0.03768 0.03745 0.03745 "mg/kg" 0.00042 3.23e-05 1.327e-05 0.00577 0.00579 2.18 10 13 "median" 0.03745 0.0126
2014-07-24 "MUH" "Hf" 0.06129 0.04357 0.03768 0.03745 0.03745 "mg/kg" 0.00042 3.23e-05 1.327e-05 0.00577 0.00579 2.18 6 13 "median" 0.03745 0.0126
2014-07-24 "MUH" "Hf" 0.06129 0.04357 0.03768 0.03745 0.03745 "mg/kg" 0.00042 3.23e-05 1.327e-05 0.00577 0.00579 2.18 26 13 "median" 0.03745 0.0126
2014-07-24 "MUH" "Hf" 0.06129 0.04357 0.03768 0.03745 0.03745 "mg/kg" 0.00042 3.23e-05 1.327e-05 0.00577 0.00579 2.18 33 13 "median" 0.03745 0.0126
2014-07-24 "MUH" "Hf" 0.06129 0.04357 0.03768 0.03745 0.03745 "mg/kg" 0.00042 3.23e-05 1.327e-05 0.00577 0.00579 2.18 31 13 "median" 0.03745 0.0126
2014-07-24 "MUH" "Hf" 0.06129 0.04357 0.03768 0.03745 0.03745 "mg/kg" 0.00042 3.23e-05 1.327e-05 0.00577 0.00579 2.18 24 13 "median" 0.03745 0.0126
2014-07-24 "MUH" "Ho" 0.03608 0.03573 0.03519 0.03519 0.03519 "mg/kg" 6.08e-06 8.79e-07 2.888e-07 0.000701 0.000705 2.18 10 13 "median" 0.03519 0.00154
2014-07-24 "MUH" "Ho" 0.03608 0.03573 0.03519 0.03519 0.03519 "mg/kg" 6.08e-06 8.79e-07 2.888e-07 0.000701 0.000705 2.18 6 13 "median" 0.03519 0.00154
2014-07-24 "MUH" "Ho" 0.03608 0.03573 0.03519 0.03519 0.03519 "mg/kg" 6.08e-06 8.79e-07 2.888e-07 0.000701 0.000705 2.18 26 13 "median" 0.03519 0.00154
2014-07-24 "MUH" "Ho" 0.03608 0.03573 0.03519 0.03519 0.03519 "mg/kg" 6.08e-06 8.79e-07 2.888e-07 0.000701 0.000705 2.18 33 13 "median" 0.03519 0.00154
2014-07-24 "MUH" "Ho" 0.03608 0.03573 0.03519 0.03519 0.03519 "mg/kg" 6.08e-06 8.79e-07 2.888e-07 0.000701 0.000705 2.18 31 13 "median" 0.03519 0.00154
2014-07-24 "MUH" "Ho" 0.03608 0.03573 0.03519 0.03519 0.03519 "mg/kg" 6.08e-06 8.79e-07 2.888e-07 0.000701 0.000705 2.18 24 13 "median" 0.03519 0.00154
2014-07-24 "MUH" "La" 0.1359 0.1392 0.1335 0.1344 0.1344 "g/100g" 5.42e-05 0.000191 2.584e-05 0.00283 0.0029 2.14 10 15 "median" 0.1344 0.00622
2014-07-24 "MUH" "La" 0.1359 0.1392 0.1335 0.1344 0.1344 "g/100g" 5.42e-05 0.000191 2.584e-05 0.00283 0.0029 2.14 6 15 "median" 0.1344 0.00622
2014-07-24 "MUH" "La" 0.1359 0.1392 0.1335 0.1344 0.1344 "g/100g" 5.42e-05 0.000191 2.584e-05 0.00283 0.0029 2.14 26 15 "median" 0.1344 0.00622
2014-07-24 "MUH" "La" 0.1359 0.1392 0.1335 0.1344 0.1344 "g/100g" 5.42e-05 0.000191 2.584e-05 0.00283 0.0029 2.14 33 15 "median" 0.1344 0.00622
2014-07-24 "MUH" "La" 0.1359 0.1392 0.1335 0.1344 0.1344 "g/100g" 5.42e-05 0.000191 2.584e-05 0.00283 0.0029 2.14 31 15 "median" 0.1344 0.00622
2014-07-24 "MUH" "La" 0.1359 0.1392 0.1335 0.1344 0.1344 "g/100g" 5.42e-05 0.000191 2.584e-05 0.00283 0.0029 2.14 24 15 "median" 0.1344 0.00622
2014-07-24 "MUH" "Li" 1.895 1.784 1.721 1.678 1.678 "mg/kg" 0.248 0.00921 0.00481 0.19 0.19 2.45 10 7 "median" 1.678 0.465
2014-07-24 "MUH" "Li" 1.895 1.784 1.721 1.678 1.678 "mg/kg" 0.248 0.00921 0.00481 0.19 0.19 2.45 6 7 "median" 1.678 0.465
2014-07-24 "MUH" "Li" 1.895 1.784 1.721 1.678 1.678 "mg/kg" 0.248 0.00921 0.00481 0.19 0.19 2.45 26 7 "median" 1.678 0.465
2014-07-24 "MUH" "Li" 1.895 1.784 1.721 1.678 1.678 "mg/kg" 0.248 0.00921 0.00481 0.19 0.19 2.45 33 7 "median" 1.678 0.465
2014-07-24 "MUH" "Li" 1.895 1.784 1.721 1.678 1.678 "mg/kg" 0.248 0.00921 0.00481 0.19 0.19 2.45 31 7 "median" 1.678 0.465
2014-07-24 "MUH" "Li" 1.895 1.784 1.721 1.678 1.678 "mg/kg" 0.248 0.00921 0.00481 0.19 0.19 2.45 24 7 "median" 1.678 0.465
2014-07-24 "MUH" "Lu" 0.01909 0.01914 0.019 0.019 0.019 "mg/kg" 2.7e-06 5.49e-07 1.611e-07 0.000425 0.000428 2.13 10 16 "median" 0.019 0.000913
2014-07-24 "MUH" "Lu" 0.01909 0.01914 0.019 0.019 0.019 "mg/kg" 2.7e-06 5.49e-07 1.611e-07 0.000425 0.000428 2.13 6 16 "median" 0.019 0.000913
2014-07-24 "MUH" "Lu" 0.01909 0.01914 0.019 0.019 0.019 "mg/kg" 2.7e-06 5.49e-07 1.611e-07 0.000425 0.000428 2.13 26 16 "median" 0.019 0.000913
2014-07-24 "MUH" "Lu" 0.01909 0.01914 0.019 0.019 0.019 "mg/kg" 2.7e-06 5.49e-07 1.611e-07 0.000425 0.000428 2.13 33 16 "median" 0.019 0.000913
2014-07-24 "MUH" "Lu" 0.01909 0.01914 0.019 0.019 0.019 "mg/kg" 2.7e-06 5.49e-07 1.611e-07 0.000425 0.000428 2.13 31 16 "median" 0.019 0.000913
2014-07-24 "MUH" "Lu" 0.01909 0.01914 0.019 0.019 0.019 "mg/kg" 2.7e-06 5.49e-07 1.611e-07 0.000425 0.000428 2.13 24 16 "median" 0.019 0.000913
2014-07-24 "MUH" "Nb" 0.1705 0.06169 0.06053 0.05852 0.05852 "mg/kg" 0.000459 0.000667 0.0001111 0.00929 0.00948 2.36 10 8 "median" 0.05852 0.0224
2014-07-24 "MUH" "Nb" 0.1705 0.06169 0.06053 0.05852 0.05852 "mg/kg" 0.000459 0.000667 0.0001111 0.00929 0.00948 2.36 6 8 "median" 0.05852 0.0224
2014-07-24 "MUH" "Nb" 0.1705 0.06169 0.06053 0.05852 0.05852 "mg/kg" 0.000459 0.000667 0.0001111 0.00929 0.00948 2.36 26 8 "median" 0.05852 0.0224
2014-07-24 "MUH" "Nb" 0.1705 0.06169 0.06053 0.05852 0.05852 "mg/kg" 0.000459 0.000667 0.0001111 0.00929 0.00948 2.36 33 8 "median" 0.05852 0.0224
2014-07-24 "MUH" "Nb" 0.1705 0.06169 0.06053 0.05852 0.05852 "mg/kg" 0.000459 0.000667 0.0001111 0.00929 0.00948 2.36 31 8 "median" 0.05852 0.0224
2014-07-24 "MUH" "Nb" 0.1705 0.06169 0.06053 0.05852 0.05852 "mg/kg" 0.000459 0.000667 0.0001111 0.00929 0.00948 2.36 24 8 "median" 0.05852 0.0224
2014-07-24 "MUH" "Nd" 0.1912 0.1769 0.1781 0.1745 0.1745 "mg/kg" 0.000123 0.000104 1.979e-05 0.00326 0.00334 2.14 10 15 "median" 0.1745 0.00717
2014-07-24 "MUH" "Nd" 0.1912 0.1769 0.1781 0.1745 0.1745 "mg/kg" 0.000123 0.000104 1.979e-05 0.00326 0.00334 2.14 6 15 "median" 0.1745 0.00717
2014-07-24 "MUH" "Nd" 0.1912 0.1769 0.1781 0.1745 0.1745 "mg/kg" 0.000123 0.000104 1.979e-05 0.00326 0.00334 2.14 26 15 "median" 0.1745 0.00717
2014-07-24 "MUH" "Nd" 0.1912 0.1769 0.1781 0.1745 0.1745 "mg/kg" 0.000123 0.000104 1.979e-05 0.00326 0.00334 2.14 33 15 "median" 0.1745 0.00717
2014-07-24 "MUH" "Nd" 0.1912 0.1769 0.1781 0.1745 0.1745 "mg/kg" 0.000123 0.000104 1.979e-05 0.00326 0.00334 2.14 31 15 "median" 0.1745 0.00717
2014-07-24 "MUH" "Nd" 0.1912 0.1769 0.1781 0.1745 0.1745 "mg/kg" 0.000123 0.000104 1.979e-05 0.00326 0.00334 2.14 24 15 "median" 0.1745 0.00717
2014-07-24 "MUH" "Ni" 2069 2104 2100 2102 2116 "mg/kg" 2990 796 213.8 12.5 12.6 2.09 10 21 "median" 2102 26.2
2014-07-24 "MUH" "Ni" 2069 2104 2100 2102 2116 "mg/kg" 2990 796 213.8 12.5 12.6 2.09 6 21 "median" 2102 26.2
2014-07-24 "MUH" "Ni" 2069 2104 2100 2102 2116 "mg/kg" 2990 796 213.8 12.5 12.6 2.09 26 21 "median" 2102 26.2
2014-07-24 "MUH" "Ni" 2069 2104 2100 2102 2116 "mg/kg" 2990 796 213.8 12.5 12.6 2.09 33 21 "median" 2102 26.2
2014-07-24 "MUH" "Ni" 2069 2104 2100 2102 2116 "mg/kg" 2990 796 213.8 12.5 12.6 2.09 31 21 "median" 2102 26.2
2014-07-24 "MUH" "Ni" 2069 2104 2100 2102 2116 "mg/kg" 2990 796 213.8 12.5 12.6 2.09 24 21 "median" 2102 26.2
2014-07-24 "MUH" "Pb" 0.4217 0.4217 0.4356 0.4356 0.4356 "mg/kg" 0.00534 0.00177 0.0004426 0.0273 0.0276 2.36 10 8 "median" 0.4356 0.0652
2014-07-24 "MUH" "Pb" 0.4217 0.4217 0.4356 0.4356 0.4356 "mg/kg" 0.00534 0.00177 0.0004426 0.0273 0.0276 2.36 6 8 "median" 0.4356 0.0652
2014-07-24 "MUH" "Pb" 0.4217 0.4217 0.4356 0.4356 0.4356 "mg/kg" 0.00534 0.00177 0.0004426 0.0273 0.0276 2.36 26 8 "median" 0.4356 0.0652
2014-07-24 "MUH" "Pb" 0.4217 0.4217 0.4356 0.4356 0.4356 "mg/kg" 0.00534 0.00177 0.0004426 0.0273 0.0276 2.36 33 8 "median" 0.4356 0.0652
2014-07-24 "MUH" "Pb" 0.4217 0.4217 0.4356 0.4356 0.4356 "mg/kg" 0.00534 0.00177 0.0004426 0.0273 0.0276 2.36 31 8 "median" 0.4356 0.0652
2014-07-24 "MUH" "Pb" 0.4217 0.4217 0.4356 0.4356 0.4356 "mg/kg" 0.00534 0.00177 0.0004426 0.0273 0.0276 2.36 24 8 "median" 0.4356 0.0652
2014-07-24 "MUH" "Pr" 0.03809 0.03513 0.03525 0.03467 0.03467 "g/100g" 7.77e-06 4.34e-06 9.294e-07 0.000845 0.000856 2.18 10 13 "median" 0.03467 0.00186
2014-07-24 "MUH" "Pr" 0.03809 0.03513 0.03525 0.03467 0.03467 "g/100g" 7.77e-06 4.34e-06 9.294e-07 0.000845 0.000856 2.18 6 13 "median" 0.03467 0.00186
2014-07-24 "MUH" "Pr" 0.03809 0.03513 0.03525 0.03467 0.03467 "g/100g" 7.77e-06 4.34e-06 9.294e-07 0.000845 0.000856 2.18 26 13 "median" 0.03467 0.00186
2014-07-24 "MUH" "Pr" 0.03809 0.03513 0.03525 0.03467 0.03467 "g/100g" 7.77e-06 4.34e-06 9.294e-07 0.000845 0.000856 2.18 33 13 "median" 0.03467 0.00186
2014-07-24 "MUH" "Pr" 0.03809 0.03513 0.03525 0.03467 0.03467 "g/100g" 7.77e-06 4.34e-06 9.294e-07 0.000845 0.000856 2.18 31 13 "median" 0.03467 0.00186
2014-07-24 "MUH" "Pr" 0.03809 0.03513 0.03525 0.03467 0.03467 "g/100g" 7.77e-06 4.34e-06 9.294e-07 0.000845 0.000856 2.18 24 13 "median" 0.03467 0.00186
2014-07-24 "MUH" "Rb" 0.3813 0.2717 0.2735 0.268 0.268 "mg/kg" 0.00233 0.00042 0.0001289 0.0133 0.0135 2.16 10 14 "median" 0.268 0.0291
2014-07-24 "MUH" "Rb" 0.3813 0.2717 0.2735 0.268 0.268 "mg/kg" 0.00233 0.00042 0.0001289 0.0133 0.0135 2.16 6 14 "median" 0.268 0.0291
2014-07-24 "MUH" "Rb" 0.3813 0.2717 0.2735 0.268 0.268 "mg/kg" 0.00233 0.00042 0.0001289 0.0133 0.0135 2.16 26 14 "median" 0.268 0.0291
2014-07-24 "MUH" "Rb" 0.3813 0.2717 0.2735 0.268 0.268 "mg/kg" 0.00233 0.00042 0.0001289 0.0133 0.0135 2.16 33 14 "median" 0.268 0.0291
2014-07-24 "MUH" "Rb" 0.3813 0.2717 0.2735 0.268 0.268 "mg/kg" 0.00233 0.00042 0.0001289 0.0133 0.0135 2.16 31 14 "median" 0.268 0.0291
2014-07-24 "MUH" "Rb" 0.3813 0.2717 0.2735 0.268 0.268 "mg/kg" 0.00233 0.00042 0.0001289 0.0133 0.0135 2.16 24 14 "median" 0.268 0.0291
2014-07-24 "MUH" "Sb" 0.1338 0.1338 0.1353 0.1353 0.1353 "mg/kg" 0.000221 4.15e-05 1.239e-05 0.00687 0.00691 2.78 10 5 "median" 0.1353 0.0192
2014-07-24 "MUH" "Sb" 0.1338 0.1338 0.1353 0.1353 0.1353 "mg/kg" 0.000221 4.15e-05 1.239e-05 0.00687 0.00691 2.78 6 5 "median" 0.1353 0.0192
2014-07-24 "MUH" "Sb" 0.1338 0.1338 0.1353 0.1353 0.1353 "mg/kg" 0.000221 4.15e-05 1.239e-05 0.00687 0.00691 2.78 26 5 "median" 0.1353 0.0192
2014-07-24 "MUH" "Sb" 0.1338 0.1338 0.1353 0.1353 0.1353 "mg/kg" 0.000221 4.15e-05 1.239e-05 0.00687 0.00691 2.78 33 5 "median" 0.1353 0.0192
2014-07-24 "MUH" "Sb" 0.1338 0.1338 0.1353 0.1353 0.1353 "mg/kg" 0.000221 4.15e-05 1.239e-05 0.00687 0.00691 2.78 31 5 "median" 0.1353 0.0192
2014-07-24 "MUH" "Sb" 0.1338 0.1338 0.1353 0.1353 0.1353 "mg/kg" 0.000221 4.15e-05 1.239e-05 0.00687 0.00691 2.78 24 5 "median" 0.1353 0.0192
2014-07-24 "MUH" "Sc" 9.216 9.037 9.212 9.209 9.212 "mg/kg" 0.56 0.0406 0.01696 0.174 0.175 2.1 10 19 "median" 9.209 0.367
2014-07-24 "MUH" "Sc" 9.216 9.037 9.212 9.209 9.212 "mg/kg" 0.56 0.0406 0.01696 0.174 0.175 2.1 6 19 "median" 9.209 0.367
2014-07-24 "MUH" "Sc" 9.216 9.037 9.212 9.209 9.212 "mg/kg" 0.56 0.0406 0.01696 0.174 0.175 2.1 26 19 "median" 9.209 0.367
2014-07-24 "MUH" "Sc" 9.216 9.037 9.212 9.209 9.212 "mg/kg" 0.56 0.0406 0.01696 0.174 0.175 2.1 33 19 "median" 9.209 0.367
2014-07-24 "MUH" "Sc" 9.216 9.037 9.212 9.209 9.212 "mg/kg" 0.56 0.0406 0.01696 0.174 0.175 2.1 31 19 "median" 9.209 0.367
2014-07-24 "MUH" "Sc" 9.216 9.037 9.212 9.209 9.212 "mg/kg" 0.56 0.0406 0.01696 0.174 0.175 2.1 24 19 "median" 9.209 0.367
2014-07-24 "MUH" "Sm" 0.06963 0.06773 0.06745 0.06745 0.06745 "mg/kg" 1.4e-05 7.19e-06 1.58e-06 0.000986 0.001 2.12 10 17 "median" 0.06745 0.00213
2014-07-24 "MUH" "Sm" 0.06963 0.06773 0.06745 0.06745 0.06745 "mg/kg" 1.4e-05 7.19e-06 1.58e-06 0.000986 0.001 2.12 6 17 "median" 0.06745 0.00213
2014-07-24 "MUH" "Sm" 0.06963 0.06773 0.06745 0.06745 0.06745 "mg/kg" 1.4e-05 7.19e-06 1.58e-06 0.000986 0.001 2.12 26 17 "median" 0.06745 0.00213
2014-07-24 "MUH" "Sm" 0.06963 0.06773 0.06745 0.06745 0.06745 "mg/kg" 1.4e-05 7.19e-06 1.58e-06 0.000986 0.001 2.12 33 17 "median" 0.06745 0.00213
2014-07-24 "MUH" "Sm" 0.06963 0.06773 0.06745 0.06745 0.06745 "mg/kg" 1.4e-05 7.19e-06 1.58e-06 0.000986 0.001 2.12 31 17 "median" 0.06745 0.00213
2014-07-24 "MUH" "Sm" 0.06963 0.06773 0.06745 0.06745 0.06745 "mg/kg" 1.4e-05 7.19e-06 1.58e-06 0.000986 0.001 2.12 24 17 "median" 0.06745 0.00213
2014-07-24 "MUH" "Sn" 0.1264 0.1264 0.06001 0.06001 0.06001 "mg/kg" 1.64e-11 0.062 4.133e-07 0.0719 0.0719 3.18 10 4 "median" 0.06001 0.229
2014-07-24 "MUH" "Sn" 0.1264 0.1264 0.06001 0.06001 0.06001 "mg/kg" 1.64e-11 0.062 4.133e-07 0.0719 0.0719 3.18 6 4 "median" 0.06001 0.229
2014-07-24 "MUH" "Sn" 0.1264 0.1264 0.06001 0.06001 0.06001 "mg/kg" 1.64e-11 0.062 4.133e-07 0.0719 0.0719 3.18 26 4 "median" 0.06001 0.229
2014-07-24 "MUH" "Sn" 0.1264 0.1264 0.06001 0.06001 0.06001 "mg/kg" 1.64e-11 0.062 4.133e-07 0.0719 0.0719 3.18 33 4 "median" 0.06001 0.229
2014-07-24 "MUH" "Sn" 0.1264 0.1264 0.06001 0.06001 0.06001 "mg/kg" 1.64e-11 0.062 4.133e-07 0.0719 0.0719 3.18 31 4 "median" 0.06001 0.229
2014-07-24 "MUH" "Sn" 0.1264 0.1264 0.06001 0.06001 0.06001 "mg/kg" 1.64e-11 0.062 4.133e-07 0.0719 0.0719 3.18 24 4 "median" 0.06001 0.229
2014-07-24 "MUH" "Sr" 8.723 8.723 8.529 8.529 8.598 "mg/kg" 0.436 0.114 0.03094 0.141 0.143 2.07 10 24 "median" 8.529 0.295
2014-07-24 "MUH" "Sr" 8.723 8.723 8.529 8.529 8.598 "mg/kg" 0.436 0.114 0.03094 0.141 0.143 2.07 6 24 "median" 8.529 0.295
2014-07-24 "MUH" "Sr" 8.723 8.723 8.529 8.529 8.598 "mg/kg" 0.436 0.114 0.03094 0.141 0.143 2.07 26 24 "median" 8.529 0.295
2014-07-24 "MUH" "Sr" 8.723 8.723 8.529 8.529 8.598 "mg/kg" 0.436 0.114 0.03094 0.141 0.143 2.07 33 24 "median" 8.529 0.295
2014-07-24 "MUH" "Sr" 8.723 8.723 8.529 8.529 8.598 "mg/kg" 0.436 0.114 0.03094 0.141 0.143 2.07 31 24 "median" 8.529 0.295
2014-07-24 "MUH" "Sr" 8.723 8.723 8.529 8.529 8.598 "mg/kg" 0.436 0.114 0.03094 0.141 0.143 2.07 24 24 "median" 8.529 0.295
2014-07-24 "MUH" "Ta" 0.01707 0.009275 0.007646 0.005943 0.005943 "mg/kg" 1.46e-05 0.000111 1.196e-05 0.00242 0.00257 2.31 10 9 "median" 0.005943 0.00594
2014-07-24 "MUH" "Ta" 0.01707 0.009275 0.007646 0.005943 0.005943 "mg/kg" 1.46e-05 0.000111 1.196e-05 0.00242 0.00257 2.31 6 9 "median" 0.005943 0.00594
2014-07-24 "MUH" "Ta" 0.01707 0.009275 0.007646 0.005943 0.005943 "mg/kg" 1.46e-05 0.000111 1.196e-05 0.00242 0.00257 2.31 26 9 "median" 0.005943 0.00594
2014-07-24 "MUH" "Ta" 0.01707 0.009275 0.007646 0.005943 0.005943 "mg/kg" 1.46e-05 0.000111 1.196e-05 0.00242 0.00257 2.31 33 9 "median" 0.005943 0.00594
2014-07-24 "MUH" "Ta" 0.01707 0.009275 0.007646 0.005943 0.005943 "mg/kg" 1.46e-05 0.000111 1.196e-05 0.00242 0.00257 2.31 31 9 "median" 0.005943 0.00594
2014-07-24 "MUH" "Ta" 0.01707 0.009275 0.007646 0.005943 0.005943 "mg/kg" 1.46e-05 0.000111 1.196e-05 0.00242 0.00257 2.31 24 9 "median" 0.005943 0.00594
2014-07-24 "MUH" "Tb" 0.02117 0.02118 0.0212 0.0212 0.0212 "mg/kg" 1.26e-06 1.07e-06 2.047e-07 0.00033 0.000337 2.14 10 15 "median" 0.0212 0.000722
2014-07-24 "MUH" "Tb" 0.02117 0.02118 0.0212 0.0212 0.0212 "mg/kg" 1.26e-06 1.07e-06 2.047e-07 0.00033 0.000337 2.14 6 15 "median" 0.0212 0.000722
2014-07-24 "MUH" "Tb" 0.02117 0.02118 0.0212 0.0212 0.0212 "mg/kg" 1.26e-06 1.07e-06 2.047e-07 0.00033 0.000337 2.14 26 15 "median" 0.0212 0.000722
2014-07-24 "MUH" "Tb" 0.02117 0.02118 0.0212 0.0212 0.0212 "mg/kg" 1.26e-06 1.07e-06 2.047e-07 0.00033 0.000337 2.14 33 15 "median" 0.0212 0.000722
2014-07-24 "MUH" "Tb" 0.02117 0.02118 0.0212 0.0212 0.0212 "mg/kg" 1.26e-06 1.07e-06 2.047e-07 0.00033 0.000337 2.14 31 15 "median" 0.0212 0.000722
2014-07-24 "MUH" "Tb" 0.02117 0.02118 0.0212 0.0212 0.0212 "mg/kg" 1.26e-06 1.07e-06 2.047e-07 0.00033 0.000337 2.14 24 15 "median" 0.0212 0.000722
2014-07-24 "MUH" "Th" 0.0208 0.01775 0.01606 0.016 0.016 "mg/kg" 3.53e-05 7.09e-06 2.085e-06 0.00186 0.00187 2.23 10 11 "median" 0.016 0.00416
2014-07-24 "MUH" "Th" 0.0208 0.01775 0.01606 0.016 0.016 "mg/kg" 3.53e-05 7.09e-06 2.085e-06 0.00186 0.00187 2.23 6 11 "median" 0.016 0.00416
2014-07-24 "MUH" "Th" 0.0208 0.01775 0.01606 0.016 0.016 "mg/kg" 3.53e-05 7.09e-06 2.085e-06 0.00186 0.00187 2.23 26 11 "median" 0.016 0.00416
2014-07-24 "MUH" "Th" 0.0208 0.01775 0.01606 0.016 0.016 "mg/kg" 3.53e-05 7.09e-06 2.085e-06 0.00186 0.00187 2.23 33 11 "median" 0.016 0.00416
2014-07-24 "MUH" "Th" 0.0208 0.01775 0.01606 0.016 0.016 "mg/kg" 3.53e-05 7.09e-06 2.085e-06 0.00186 0.00187 2.23 31 11 "median" 0.016 0.00416
2014-07-24 "MUH" "Th" 0.0208 0.01775 0.01606 0.016 0.016 "mg/kg" 3.53e-05 7.09e-06 2.085e-06 0.00186 0.00187 2.23 24 11 "median" 0.016 0.00416
2014-07-24 "MUH" "Tl" 0.003478 0.003478 0.003436 0.003436 0.003436 "mg/kg" 2.91e-16 5.23e-08 1.903e-12 9.34e-05 9.34e-05 12.71 10 2 "median" 0.003436 0.00119
2014-07-24 "MUH" "Tl" 0.003478 0.003478 0.003436 0.003436 0.003436 "mg/kg" 2.91e-16 5.23e-08 1.903e-12 9.34e-05 9.34e-05 12.71 6 2 "median" 0.003436 0.00119
2014-07-24 "MUH" "Tl" 0.003478 0.003478 0.003436 0.003436 0.003436 "mg/kg" 2.91e-16 5.23e-08 1.903e-12 9.34e-05 9.34e-05 12.71 26 2 "median" 0.003436 0.00119
2014-07-24 "MUH" "Tl" 0.003478 0.003478 0.003436 0.003436 0.003436 "mg/kg" 2.91e-16 5.23e-08 1.903e-12 9.34e-05 9.34e-05 12.71 33 2 "median" 0.003436 0.00119
2014-07-24 "MUH" "Tl" 0.003478 0.003478 0.003436 0.003436 0.003436 "mg/kg" 2.91e-16 5.23e-08 1.903e-12 9.34e-05 9.34e-05 12.71 31 2 "median" 0.003436 0.00119
2014-07-24 "MUH" "Tl" 0.003478 0.003478 0.003436 0.003436 0.003436 "mg/kg" 2.91e-16 5.23e-08 1.903e-12 9.34e-05 9.34e-05 12.71 24 2 "median" 0.003436 0.00119
2014-07-24 "MUH" "Tm" 0.01727 0.01701 0.017 0.01698 0.01698 "mg/kg" 1.55e-06 1.46e-07 5.556e-08 0.000338 0.00034 2.16 10 14 "median" 0.01698 0.000734
2014-07-24 "MUH" "Tm" 0.01727 0.01701 0.017 0.01698 0.01698 "mg/kg" 1.55e-06 1.46e-07 5.556e-08 0.000338 0.00034 2.16 6 14 "median" 0.01698 0.000734
2014-07-24 "MUH" "Tm" 0.01727 0.01701 0.017 0.01698 0.01698 "mg/kg" 1.55e-06 1.46e-07 5.556e-08 0.000338 0.00034 2.16 26 14 "median" 0.01698 0.000734
2014-07-24 "MUH" "Tm" 0.01727 0.01701 0.017 0.01698 0.01698 "mg/kg" 1.55e-06 1.46e-07 5.556e-08 0.000338 0.00034 2.16 33 14 "median" 0.01698 0.000734
2014-07-24 "MUH" "Tm" 0.01727 0.01701 0.017 0.01698 0.01698 "mg/kg" 1.55e-06 1.46e-07 5.556e-08 0.000338 0.00034 2.16 31 14 "median" 0.01698 0.000734
2014-07-24 "MUH" "Tm" 0.01727 0.01701 0.017 0.01698 0.01698 "mg/kg" 1.55e-06 1.46e-07 5.556e-08 0.000338 0.00034 2.16 24 14 "median" 0.01698 0.000734
2014-07-24 "MUH" "U" 0.01942 0.01564 0.0153 0.01392 0.01392 "mg/kg" 1.3e-05 6.03e-07 2.933e-07 0.00105 0.00105 2.2 10 12 "median" 0.01392 0.00232
2014-07-24 "MUH" "U" 0.01942 0.01564 0.0153 0.01392 0.01392 "mg/kg" 1.3e-05 6.03e-07 2.933e-07 0.00105 0.00105 2.2 6 12 "median" 0.01392 0.00232
2014-07-24 "MUH" "U" 0.01942 0.01564 0.0153 0.01392 0.01392 "mg/kg" 1.3e-05 6.03e-07 2.933e-07 0.00105 0.00105 2.2 26 12 "median" 0.01392 0.00232
2014-07-24 "MUH" "U" 0.01942 0.01564 0.0153 0.01392 0.01392 "mg/kg" 1.3e-05 6.03e-07 2.933e-07 0.00105 0.00105 2.2 33 12 "median" 0.01392 0.00232
2014-07-24 "MUH" "U" 0.01942 0.01564 0.0153 0.01392 0.01392 "mg/kg" 1.3e-05 6.03e-07 2.933e-07 0.00105 0.00105 2.2 31 12 "median" 0.01392 0.00232
2014-07-24 "MUH" "U" 0.01942 0.01564 0.0153 0.01392 0.01392 "mg/kg" 1.3e-05 6.03e-07 2.933e-07 0.00105 0.00105 2.2 24 12 "median" 0.01392 0.00232
2014-07-24 "MUH" "V" 37.55 39.26 40.3 40.99 40.64 "mg/kg" 20.6 2.02 0.7591 1.06 1.06 2.1 10 19 "median" 40.99 2.24
2014-07-24 "MUH" "V" 37.55 39.26 40.3 40.99 40.64 "mg/kg" 20.6 2.02 0.7591 1.06 1.06 2.1 6 19 "median" 40.99 2.24
2014-07-24 "MUH" "V" 37.55 39.26 40.3 40.99 40.64 "mg/kg" 20.6 2.02 0.7591 1.06 1.06 2.1 26 19 "median" 40.99 2.24
2014-07-24 "MUH" "V" 37.55 39.26 40.3 40.99 40.64 "mg/kg" 20.6 2.02 0.7591 1.06 1.06 2.1 33 19 "median" 40.99 2.24
2014-07-24 "MUH" "V" 37.55 39.26 40.3 40.99 40.64 "mg/kg" 20.6 2.02 0.7591 1.06 1.06 2.1 31 19 "median" 40.99 2.24
2014-07-24 "MUH" "V" 37.55 39.26 40.3 40.99 40.64 "mg/kg" 20.6 2.02 0.7591 1.06 1.06 2.1 24 19 "median" 40.99 2.24
2014-07-24 "MUH" "Y" 0.9949 0.9376 0.9694 0.966 0.9438 "mg/kg" 0.00804 0.00023 0.0001324 0.0219 0.0219 2.12 10 17 "median" 0.966 0.0465
2014-07-24 "MUH" "Y" 0.9949 0.9376 0.9694 0.966 0.9438 "mg/kg" 0.00804 0.00023 0.0001324 0.0219 0.0219 2.12 6 17 "median" 0.966 0.0465
2014-07-24 "MUH" "Y" 0.9949 0.9376 0.9694 0.966 0.9438 "mg/kg" 0.00804 0.00023 0.0001324 0.0219 0.0219 2.12 26 17 "median" 0.966 0.0465
2014-07-24 "MUH" "Y" 0.9949 0.9376 0.9694 0.966 0.9438 "mg/kg" 0.00804 0.00023 0.0001324 0.0219 0.0219 2.12 33 17 "median" 0.966 0.0465
2014-07-24 "MUH" "Y" 0.9949 0.9376 0.9694 0.966 0.9438 "mg/kg" 0.00804 0.00023 0.0001324 0.0219 0.0219 2.12 31 17 "median" 0.966 0.0465
2014-07-24 "MUH" "Y" 0.9949 0.9376 0.9694 0.966 0.9438 "mg/kg" 0.00804 0.00023 0.0001324 0.0219 0.0219 2.12 24 17 "median" 0.966 0.0465
2014-07-24 "MUH" "Yb" 0.1194 0.1179 0.1175 0.1164 0.1164 "mg/kg" 2.24e-05 2.03e-05 3.813e-06 0.00128 0.0013 2.11 10 18 "median" 0.1164 0.00275
2014-07-24 "MUH" "Yb" 0.1194 0.1179 0.1175 0.1164 0.1164 "mg/kg" 2.24e-05 2.03e-05 3.813e-06 0.00128 0.0013 2.11 6 18 "median" 0.1164 0.00275
2014-07-24 "MUH" "Yb" 0.1194 0.1179 0.1175 0.1164 0.1164 "mg/kg" 2.24e-05 2.03e-05 3.813e-06 0.00128 0.0013 2.11 26 18 "median" 0.1164 0.00275
2014-07-24 "MUH" "Yb" 0.1194 0.1179 0.1175 0.1164 0.1164 "mg/kg" 2.24e-05 2.03e-05 3.813e-06 0.00128 0.0013 2.11 33 18 "median" 0.1164 0.00275
2014-07-24 "MUH" "Yb" 0.1194 0.1179 0.1175 0.1164 0.1164 "mg/kg" 2.24e-05 2.03e-05 3.813e-06 0.00128 0.0013 2.11 31 18 "median" 0.1164 0.00275
2014-07-24 "MUH" "Yb" 0.1194 0.1179 0.1175 0.1164 0.1164 "mg/kg" 2.24e-05 2.03e-05 3.813e-06 0.00128 0.0013 2.11 24 18 "median" 0.1164 0.00275
2014-07-24 "MUH" "Zn" 44.54 44.54 44.21 44.21 45.67 "mg/kg" 16.2 0.89 0.4099 0.849 0.851 2.07 10 23 "median" 44.21 1.77
2014-07-24 "MUH" "Zn" 44.54 44.54 44.21 44.21 45.67 "mg/kg" 16.2 0.89 0.4099 0.849 0.851 2.07 6 23 "median" 44.21 1.77
2014-07-24 "MUH" "Zn" 44.54 44.54 44.21 44.21 45.67 "mg/kg" 16.2 0.89 0.4099 0.849 0.851 2.07 26 23 "median" 44.21 1.77
2014-07-24 "MUH" "Zn" 44.54 44.54 44.21 44.21 45.67 "mg/kg" 16.2 0.89 0.4099 0.849 0.851 2.07 33 23 "median" 44.21 1.77
2014-07-24 "MUH" "Zn" 44.54 44.54 44.21 44.21 45.67 "mg/kg" 16.2 0.89 0.4099 0.849 0.851 2.07 31 23 "median" 44.21 1.77
2014-07-24 "MUH" "Zn" 44.54 44.54 44.21 44.21 45.67 "mg/kg" 16.2 0.89 0.4099 0.849 0.851 2.07 24 23 "median" 44.21 1.77
2014-07-24 "MUH" "Zr" 2.948 0.7731 1.154 0.579 0.579 "mg/kg" 0.116 0.077 0.01568 0.126 0.128 2.31 10 9 "median" 0.579 0.294
2014-07-24 "MUH" "Zr" 2.948 0.7731 1.154 0.579 0.579 "mg/kg" 0.116 0.077 0.01568 0.126 0.128 2.31 6 9 "median" 0.579 0.294
2014-07-24 "MUH" "Zr" 2.948 0.7731 1.154 0.579 0.579 "mg/kg" 0.116 0.077 0.01568 0.126 0.128 2.31 26 9 "median" 0.579 0.294
2014-07-24 "MUH" "Zr" 2.948 0.7731 1.154 0.579 0.579 "mg/kg" 0.116 0.077 0.01568 0.126 0.128 2.31 33 9 "median" 0.579 0.294
2014-07-24 "MUH" "Zr" 2.948 0.7731 1.154 0.579 0.579 "mg/kg" 0.116 0.077 0.01568 0.126 0.128 2.31 31 9 "median" 0.579 0.294
2014-07-24 "MUH" "Zr" 2.948 0.7731 1.154 0.579 0.579 "mg/kg" 0.116 0.077 0.01568 0.126 0.128 2.31 24 9 "median" 0.579 0.294
