2014-07-22 "GAS" "SiO2" 39.41 38.83 38.75 38.74 38.73 "g/100g" 0.0699 0.0699 0.009835 0.0804 0.0825 2.08 10 22 "median" 38.74 0.172
2014-07-22 "GAS" "SiO2" 39.41 38.83 38.75 38.74 38.73 "g/100g" 0.0699 0.0699 0.009835 0.0804 0.0825 2.08 6 22 "median" 38.74 0.172
2014-07-22 "GAS" "SiO2" 39.41 38.83 38.75 38.74 38.73 "g/100g" 0.0699 0.0699 0.009835 0.0804 0.0825 2.08 26 22 "median" 38.74 0.172
2014-07-22 "GAS" "SiO2" 39.41 38.83 38.75 38.74 38.73 "g/100g" 0.0699 0.0699 0.009835 0.0804 0.0825 2.08 33 22 "median" 38.74 0.172
2014-07-22 "GAS" "SiO2" 39.41 38.83 38.75 38.74 38.73 "g/100g" 0.0699 0.0699 0.009835 0.0804 0.0825 2.08 31 22 "median" 38.74 0.172
2014-07-22 "GAS" "SiO2" 39.41 38.83 38.75 38.74 38.73 "g/100g" 0.0699 0.0699 0.009835 0.0804 0.0825 2.08 24 22 "median" 38.74 0.172
2014-07-22 "GAS" "TiO2" 0.0134 0.01129 0.01133 0.0105 0.0105 "g/100g" 4.71e-06 4.71e-06 6.624e-07 0.000751 0.00077 2.12 10 17 "median" 0.0105 0.00163
2014-07-22 "GAS" "TiO2" 0.0134 0.01129 0.01133 0.0105 0.0105 "g/100g" 4.71e-06 4.71e-06 6.624e-07 0.000751 0.00077 2.12 6 17 "median" 0.0105 0.00163
2014-07-22 "GAS" "TiO2" 0.0134 0.01129 0.01133 0.0105 0.0105 "g/100g" 4.71e-06 4.71e-06 6.624e-07 0.000751 0.00077 2.12 26 17 "median" 0.0105 0.00163
2014-07-22 "GAS" "TiO2" 0.0134 0.01129 0.01133 0.0105 0.0105 "g/100g" 4.71e-06 4.71e-06 6.624e-07 0.000751 0.00077 2.12 33 17 "median" 0.0105 0.00163
2014-07-22 "GAS" "TiO2" 0.0134 0.01129 0.01133 0.0105 0.0105 "g/100g" 4.71e-06 4.71e-06 6.624e-07 0.000751 0.00077 2.12 31 17 "median" 0.0105 0.00163
2014-07-22 "GAS" "TiO2" 0.0134 0.01129 0.01133 0.0105 0.0105 "g/100g" 4.71e-06 4.71e-06 6.624e-07 0.000751 0.00077 2.12 24 17 "median" 0.0105 0.00163
2014-07-22 "GAS" "Al2O3" 0.4536 0.4543 0.45 0.45 0.45 "g/100g" 0.000176 0.000176 2.476e-05 0.00434 0.00445 2.1 10 19 "median" 0.45 0.00936
2014-07-22 "GAS" "Al2O3" 0.4536 0.4543 0.45 0.45 0.45 "g/100g" 0.000176 0.000176 2.476e-05 0.00434 0.00445 2.1 6 19 "median" 0.45 0.00936
2014-07-22 "GAS" "Al2O3" 0.4536 0.4543 0.45 0.45 0.45 "g/100g" 0.000176 0.000176 2.476e-05 0.00434 0.00445 2.1 26 19 "median" 0.45 0.00936
2014-07-22 "GAS" "Al2O3" 0.4536 0.4543 0.45 0.45 0.45 "g/100g" 0.000176 0.000176 2.476e-05 0.00434 0.00445 2.1 33 19 "median" 0.45 0.00936
2014-07-22 "GAS" "Al2O3" 0.4536 0.4543 0.45 0.45 0.45 "g/100g" 0.000176 0.000176 2.476e-05 0.00434 0.00445 2.1 31 19 "median" 0.45 0.00936
2014-07-22 "GAS" "Al2O3" 0.4536 0.4543 0.45 0.45 0.45 "g/100g" 0.000176 0.000176 2.476e-05 0.00434 0.00445 2.1 24 19 "median" 0.45 0.00936
2014-07-22 "GAS" "Fe2O3T" 7.979 7.971 7.983 7.974 7.965 "g/100g" 0.00603 0.00603 0.0008475 0.0236 0.0242 2.08 10 22 "median" 7.974 0.0504
2014-07-22 "GAS" "Fe2O3T" 7.979 7.971 7.983 7.974 7.965 "g/100g" 0.00603 0.00603 0.0008475 0.0236 0.0242 2.08 6 22 "median" 7.974 0.0504
2014-07-22 "GAS" "Fe2O3T" 7.979 7.971 7.983 7.974 7.965 "g/100g" 0.00603 0.00603 0.0008475 0.0236 0.0242 2.08 26 22 "median" 7.974 0.0504
2014-07-22 "GAS" "Fe2O3T" 7.979 7.971 7.983 7.974 7.965 "g/100g" 0.00603 0.00603 0.0008475 0.0236 0.0242 2.08 33 22 "median" 7.974 0.0504
2014-07-22 "GAS" "Fe2O3T" 7.979 7.971 7.983 7.974 7.965 "g/100g" 0.00603 0.00603 0.0008475 0.0236 0.0242 2.08 31 22 "median" 7.974 0.0504
2014-07-22 "GAS" "Fe2O3T" 7.979 7.971 7.983 7.974 7.965 "g/100g" 0.00603 0.00603 0.0008475 0.0236 0.0242 2.08 24 22 "median" 7.974 0.0504
2014-07-22 "GAS" "FeO" 0.5933 0.5933 0.52 0.52 0.52 "g/100g" 0.017 0.017 0.002393 0.107 0.11 4.3 10 3 "median" 0.52 0.474
2014-07-22 "GAS" "FeO" 0.5933 0.5933 0.52 0.52 0.52 "g/100g" 0.017 0.017 0.002393 0.107 0.11 4.3 6 3 "median" 0.52 0.474
2014-07-22 "GAS" "FeO" 0.5933 0.5933 0.52 0.52 0.52 "g/100g" 0.017 0.017 0.002393 0.107 0.11 4.3 26 3 "median" 0.52 0.474
2014-07-22 "GAS" "FeO" 0.5933 0.5933 0.52 0.52 0.52 "g/100g" 0.017 0.017 0.002393 0.107 0.11 4.3 33 3 "median" 0.52 0.474
2014-07-22 "GAS" "FeO" 0.5933 0.5933 0.52 0.52 0.52 "g/100g" 0.017 0.017 0.002393 0.107 0.11 4.3 31 3 "median" 0.52 0.474
2014-07-22 "GAS" "FeO" 0.5933 0.5933 0.52 0.52 0.52 "g/100g" 0.017 0.017 0.002393 0.107 0.11 4.3 24 3 "median" 0.52 0.474
2014-07-22 "GAS" "MnO" 0.08658 0.08484 0.085 0.08422 0.08416 "g/100g" 3.31e-06 3.31e-06 4.655e-07 0.000566 0.000581 2.09 10 21 "median" 0.08422 0.00121
2014-07-22 "GAS" "MnO" 0.08658 0.08484 0.085 0.08422 0.08416 "g/100g" 3.31e-06 3.31e-06 4.655e-07 0.000566 0.000581 2.09 6 21 "median" 0.08422 0.00121
2014-07-22 "GAS" "MnO" 0.08658 0.08484 0.085 0.08422 0.08416 "g/100g" 3.31e-06 3.31e-06 4.655e-07 0.000566 0.000581 2.09 26 21 "median" 0.08422 0.00121
2014-07-22 "GAS" "MnO" 0.08658 0.08484 0.085 0.08422 0.08416 "g/100g" 3.31e-06 3.31e-06 4.655e-07 0.000566 0.000581 2.09 33 21 "median" 0.08422 0.00121
2014-07-22 "GAS" "MnO" 0.08658 0.08484 0.085 0.08422 0.08416 "g/100g" 3.31e-06 3.31e-06 4.655e-07 0.000566 0.000581 2.09 31 21 "median" 0.08422 0.00121
2014-07-22 "GAS" "MnO" 0.08658 0.08484 0.085 0.08422 0.08416 "g/100g" 3.31e-06 3.31e-06 4.655e-07 0.000566 0.000581 2.09 24 21 "median" 0.08422 0.00121
2014-07-22 "GAS" "MgO" 38.33 38.21 38.15 38.11 38.11 "g/100g" 0.076 0.076 0.01069 0.088 0.0902 2.09 10 20 "median" 38.11 0.189
2014-07-22 "GAS" "MgO" 38.33 38.21 38.15 38.11 38.11 "g/100g" 0.076 0.076 0.01069 0.088 0.0902 2.09 6 20 "median" 38.11 0.189
2014-07-22 "GAS" "MgO" 38.33 38.21 38.15 38.11 38.11 "g/100g" 0.076 0.076 0.01069 0.088 0.0902 2.09 26 20 "median" 38.11 0.189
2014-07-22 "GAS" "MgO" 38.33 38.21 38.15 38.11 38.11 "g/100g" 0.076 0.076 0.01069 0.088 0.0902 2.09 33 20 "median" 38.11 0.189
2014-07-22 "GAS" "MgO" 38.33 38.21 38.15 38.11 38.11 "g/100g" 0.076 0.076 0.01069 0.088 0.0902 2.09 31 20 "median" 38.11 0.189
2014-07-22 "GAS" "MgO" 38.33 38.21 38.15 38.11 38.11 "g/100g" 0.076 0.076 0.01069 0.088 0.0902 2.09 24 20 "median" 38.11 0.189
2014-07-22 "GAS" "CaO" 0.6861 0.6802 0.68 0.678 0.6765 "g/100g" 0.000128 0.000128 1.794e-05 0.00352 0.00361 2.09 10 21 "median" 0.678 0.00752
2014-07-22 "GAS" "CaO" 0.6861 0.6802 0.68 0.678 0.6765 "g/100g" 0.000128 0.000128 1.794e-05 0.00352 0.00361 2.09 6 21 "median" 0.678 0.00752
2014-07-22 "GAS" "CaO" 0.6861 0.6802 0.68 0.678 0.6765 "g/100g" 0.000128 0.000128 1.794e-05 0.00352 0.00361 2.09 26 21 "median" 0.678 0.00752
2014-07-22 "GAS" "CaO" 0.6861 0.6802 0.68 0.678 0.6765 "g/100g" 0.000128 0.000128 1.794e-05 0.00352 0.00361 2.09 33 21 "median" 0.678 0.00752
2014-07-22 "GAS" "CaO" 0.6861 0.6802 0.68 0.678 0.6765 "g/100g" 0.000128 0.000128 1.794e-05 0.00352 0.00361 2.09 31 21 "median" 0.678 0.00752
2014-07-22 "GAS" "CaO" 0.6861 0.6802 0.68 0.678 0.6765 "g/100g" 0.000128 0.000128 1.794e-05 0.00352 0.00361 2.09 24 21 "median" 0.678 0.00752
2014-07-22 "GAS" "Na2O" 0.0282 0.02303 0.0218 0.0209 0.0209 "g/100g" 9.87e-05 9.87e-05 1.388e-05 0.00448 0.0046 2.26 10 10 "median" 0.0209 0.0104
2014-07-22 "GAS" "Na2O" 0.0282 0.02303 0.0218 0.0209 0.0209 "g/100g" 9.87e-05 9.87e-05 1.388e-05 0.00448 0.0046 2.26 6 10 "median" 0.0209 0.0104
2014-07-22 "GAS" "Na2O" 0.0282 0.02303 0.0218 0.0209 0.0209 "g/100g" 9.87e-05 9.87e-05 1.388e-05 0.00448 0.0046 2.26 26 10 "median" 0.0209 0.0104
2014-07-22 "GAS" "Na2O" 0.0282 0.02303 0.0218 0.0209 0.0209 "g/100g" 9.87e-05 9.87e-05 1.388e-05 0.00448 0.0046 2.26 33 10 "median" 0.0209 0.0104
2014-07-22 "GAS" "Na2O" 0.0282 0.02303 0.0218 0.0209 0.0209 "g/100g" 9.87e-05 9.87e-05 1.388e-05 0.00448 0.0046 2.26 31 10 "median" 0.0209 0.0104
2014-07-22 "GAS" "Na2O" 0.0282 0.02303 0.0218 0.0209 0.0209 "g/100g" 9.87e-05 9.87e-05 1.388e-05 0.00448 0.0046 2.26 24 10 "median" 0.0209 0.0104
2014-07-22 "GAS" "K2O" 0.0107 0.008961 0.01 0.009835 0.009835 "g/100g" 8.68e-06 8.68e-06 1.221e-06 0.00112 0.00115 2.16 10 14 "median" 0.009835 0.00249
2014-07-22 "GAS" "K2O" 0.0107 0.008961 0.01 0.009835 0.009835 "g/100g" 8.68e-06 8.68e-06 1.221e-06 0.00112 0.00115 2.16 6 14 "median" 0.009835 0.00249
2014-07-22 "GAS" "K2O" 0.0107 0.008961 0.01 0.009835 0.009835 "g/100g" 8.68e-06 8.68e-06 1.221e-06 0.00112 0.00115 2.16 26 14 "median" 0.009835 0.00249
2014-07-22 "GAS" "K2O" 0.0107 0.008961 0.01 0.009835 0.009835 "g/100g" 8.68e-06 8.68e-06 1.221e-06 0.00112 0.00115 2.16 33 14 "median" 0.009835 0.00249
2014-07-22 "GAS" "K2O" 0.0107 0.008961 0.01 0.009835 0.009835 "g/100g" 8.68e-06 8.68e-06 1.221e-06 0.00112 0.00115 2.16 31 14 "median" 0.009835 0.00249
2014-07-22 "GAS" "K2O" 0.0107 0.008961 0.01 0.009835 0.009835 "g/100g" 8.68e-06 8.68e-06 1.221e-06 0.00112 0.00115 2.16 24 14 "median" 0.009835 0.00249
2014-07-22 "GAS" "P2O5" 0.01568 0.01292 0.01219 0.01074 0.01074 "g/100g" 8.27e-06 8.27e-06 1.163e-06 0.0011 0.00112 2.16 10 14 "median" 0.01074 0.00243
2014-07-22 "GAS" "P2O5" 0.01568 0.01292 0.01219 0.01074 0.01074 "g/100g" 8.27e-06 8.27e-06 1.163e-06 0.0011 0.00112 2.16 6 14 "median" 0.01074 0.00243
2014-07-22 "GAS" "P2O5" 0.01568 0.01292 0.01219 0.01074 0.01074 "g/100g" 8.27e-06 8.27e-06 1.163e-06 0.0011 0.00112 2.16 26 14 "median" 0.01074 0.00243
2014-07-22 "GAS" "P2O5" 0.01568 0.01292 0.01219 0.01074 0.01074 "g/100g" 8.27e-06 8.27e-06 1.163e-06 0.0011 0.00112 2.16 33 14 "median" 0.01074 0.00243
2014-07-22 "GAS" "P2O5" 0.01568 0.01292 0.01219 0.01074 0.01074 "g/100g" 8.27e-06 8.27e-06 1.163e-06 0.0011 0.00112 2.16 31 14 "median" 0.01074 0.00243
2014-07-22 "GAS" "P2O5" 0.01568 0.01292 0.01219 0.01074 0.01074 "g/100g" 8.27e-06 8.27e-06 1.163e-06 0.0011 0.00112 2.16 24 14 "median" 0.01074 0.00243
2014-07-22 "GAS" "H2O." 9.308 9.308 9.315 9.315 9.315 "g/100g" 0.114 0.00419 0.002146 0.196 0.197 4.3 10 3 "median" 9.315 0.846
2014-07-22 "GAS" "H2O." 9.308 9.308 9.315 9.315 9.315 "g/100g" 0.114 0.00419 0.002146 0.196 0.197 4.3 6 3 "median" 9.315 0.846
2014-07-22 "GAS" "H2O." 9.308 9.308 9.315 9.315 9.315 "g/100g" 0.114 0.00419 0.002146 0.196 0.197 4.3 26 3 "median" 9.315 0.846
2014-07-22 "GAS" "H2O." 9.308 9.308 9.315 9.315 9.315 "g/100g" 0.114 0.00419 0.002146 0.196 0.197 4.3 33 3 "median" 9.315 0.846
2014-07-22 "GAS" "H2O." 9.308 9.308 9.315 9.315 9.315 "g/100g" 0.114 0.00419 0.002146 0.196 0.197 4.3 31 3 "median" 9.315 0.846
2014-07-22 "GAS" "H2O." 9.308 9.308 9.315 9.315 9.315 "g/100g" 0.114 0.00419 0.002146 0.196 0.197 4.3 24 3 "median" 9.315 0.846
2014-07-22 "GAS" "CO2" 1.298 1.298 1.295 1.295 1.295 "g/100g" 0.00258 0.00258 0.0003621 0.0512 0.0525 12.71 10 2 "median" 1.295 0.667
2014-07-22 "GAS" "CO2" 1.298 1.298 1.295 1.295 1.295 "g/100g" 0.00258 0.00258 0.0003621 0.0512 0.0525 12.71 6 2 "median" 1.295 0.667
2014-07-22 "GAS" "CO2" 1.298 1.298 1.295 1.295 1.295 "g/100g" 0.00258 0.00258 0.0003621 0.0512 0.0525 12.71 26 2 "median" 1.295 0.667
2014-07-22 "GAS" "CO2" 1.298 1.298 1.295 1.295 1.295 "g/100g" 0.00258 0.00258 0.0003621 0.0512 0.0525 12.71 33 2 "median" 1.295 0.667
2014-07-22 "GAS" "CO2" 1.298 1.298 1.295 1.295 1.295 "g/100g" 0.00258 0.00258 0.0003621 0.0512 0.0525 12.71 31 2 "median" 1.295 0.667
2014-07-22 "GAS" "CO2" 1.298 1.298 1.295 1.295 1.295 "g/100g" 0.00258 0.00258 0.0003621 0.0512 0.0525 12.71 24 2 "median" 1.295 0.667
