2014-07-22 "GAS" "P2O5" 0.015679447328125 0.0129247255178571 0.01219227225 0.01074227225 0.01074227225 "g/100g" 8.64510028711756e-06 8.64510028711756e-06 1.21571722787591e-06 0.00112103682497193 0.00114971790956711 0.0024838145356027 2.16036865646279 6 14
2014-07-22 "GAS" "P2O5" 0.015679447328125 0.0129247255178571 0.01219227225 0.01074227225 0.01074227225 "g/100g" 8.64510028711756e-06 8.64510028711756e-06 1.21571722787591e-06 0.00112103682497193 0.00114971790956711 0.0024838145356027 2.16036865646279 33 14
2014-07-22 "GAS" "P2O5" 0.015679447328125 0.0129247255178571 0.01219227225 0.01074227225 0.01074227225 "g/100g" 8.64510028711756e-06 8.64510028711756e-06 1.21571722787591e-06 0.00112103682497193 0.00114971790956711 0.0024838145356027 2.16036865646279 6 14
2014-07-22 "GAS" "P2O5" 0.015679447328125 0.0129247255178571 0.01219227225 0.01074227225 0.01074227225 "g/100g" 8.64510028711756e-06 8.64510028711756e-06 1.21571722787591e-06 0.00112103682497193 0.00114971790956711 0.0024838145356027 2.16036865646279 33 14
2014-07-22 "GAS" "P2O5" 0.015679447328125 0.0129247255178571 0.01219227225 0.01074227225 0.01074227225 "g/100g" 8.64510028711756e-06 8.64510028711756e-06 1.21571722787591e-06 0.00112103682497193 0.00114971790956711 0.0024838145356027 2.16036865646279 6 14
2014-07-22 "GAS" "P2O5" 0.015679447328125 0.0129247255178571 0.01219227225 0.01074227225 0.01074227225 "g/100g" 8.64510028711756e-06 8.64510028711756e-06 1.21571722787591e-06 0.00112103682497193 0.00114971790956711 0.0024838145356027 2.16036865646279 33 14
2014-07-22 "GAS" "As" 99.3343002715 99.3343002715 112.525 112.525 112.525 "mg/kg" 337.339270907426 337.339270907425 47.4383349713567 8.28575962454675 8.49774603519197 19.2232370611496 2.2621571627982 "X" 10
2014-07-22 "GAS" "As" 99.3343002715 99.3343002715 112.525 112.525 112.525 "mg/kg" 337.339270907426 337.339270907425 47.4383349713567 8.28575962454675 8.49774603519197 19.2232370611496 2.2621571627982 "X" 10
2014-07-22 "GAS" "As" 99.3343002715 99.3343002715 112.525 112.525 112.525 "mg/kg" 337.339270907426 337.339270907425 47.4383349713567 8.28575962454675 8.49774603519197 19.2232370611496 2.2621571627982 "X" 10
2014-07-22 "GAS" "As" 99.3343002715 105.762350472222 112.525 112.55 112.55 "mg/kg" 162.844434415398 162.843813214365 22.8999985896654 6.06825297280105 6.22350603419923 14.3514306503315 2.30600413520417 18 9
2014-07-22 "GAS" "As" 99.3343002715 105.762350472222 112.525 112.55 112.55 "mg/kg" 162.844434415398 162.843813214365 22.8999985896654 6.06825297280105 6.22350603419923 14.3514306503315 2.30600413520417 18 9
2014-07-22 "GAS" "Ba" 9.48438271561111 8.1511805550625 8.0555 8 8 "mg/kg" 0.163446534666719 0.16344692435409 0.0229846689375074 0.14418729708594 0.14787624216687 0.315190749165662 2.13144954555978 14 16
2014-07-22 "GAS" "Ba" 9.48438271561111 8.1511805550625 8.0555 8 8 "mg/kg" 0.163446534666719 0.16344692435409 0.0229846689375074 0.14418729708594 0.14787624216687 0.315190749165662 2.13144954555978 26 16
2014-07-22 "GAS" "Be" 0.0307224821666667 0.0307224821666667 0.0287676965 0.0287676965 0.0287676965 "mg/kg" 1.20492580638762e-05 1.20492580638762e-05 1.6944269152326e-06 0.00285902797331311 0.00293217456523226 0.0126161288971985 4.30265272974946 "X" 3
2014-07-22 "GAS" "Ce" 0.264281992588235 0.251912117125 0.2551507175 0.25407535875 0.25407535875 "mg/kg" 0.000404460956816316 0.000404460956816316 5.68773220522944e-05 0.00717260955016419 0.00735611665420743 0.0156791914996951 2.13144954555978 29 16
2014-07-22 "GAS" "Co" 106.3635264997 105.874144067841 107.88622225 106.343111125 104.8 "mg/kg" 15.8171299022691 15.8171902399463 2.22428389250659 1.20962787507229 1.2405754536197 2.57991788877685 2.07961384472768 12 22
2014-07-22 "GAS" "Co" 106.3635264997 105.874144067841 107.88622225 106.343111125 104.8 "mg/kg" 15.8171299022691 15.8171902399463 2.22428389250659 1.20962787507229 1.2405754536197 2.57991788877685 2.07961384472768 16 22
2014-07-22 "GAS" "Co" 106.3635264997 105.874144067841 107.88622225 106.343111125 104.8 "mg/kg" 15.8171299022691 15.8171902399463 2.22428389250659 1.20962787507229 1.2405754536197 2.57991788877685 2.07961384472768 5 22
2014-07-22 "GAS" "Co" 106.3635264997 106.252674737738 107.88622225 107.88622225 106.3746375 "mg/kg" 7.0266087677654 7.0266087677654 0.988116857967022 0.825205508315023 0.846317918242306 1.76538824221959 2.08596344726586 12 21
2014-07-22 "GAS" "Co" 106.3635264997 106.252674737738 107.88622225 107.88622225 106.3746375 "mg/kg" 7.0266087677654 7.0266087677654 0.988116857967022 0.825205508315023 0.846317918242306 1.76538824221959 2.08596344726586 24 21
2014-07-22 "GAS" "Co" 106.3635264997 106.252674737738 107.88622225 107.88622225 106.3746375 "mg/kg" 7.0266087677654 7.0266087677654 0.988116857967022 0.825205508315023 0.846317918242306 1.76538824221959 2.08596344726586 5 21
2014-07-22 "GAS" "Co" 106.3635264997 106.252674737738 107.88622225 107.88622225 106.3746375 "mg/kg" 7.0266087677654 7.0266087677654 0.988116857967022 0.825205508315023 0.846317918242306 1.76538824221959 2.08596344726586 26 21
2014-07-23 "GAS" "Cr" 2686.02086369792 2733.74604588095 2739.965907 2744.35 2739.965907 "mg/kg" 5957.69174269186 5957.65765260382 837.803597277039 24.0285547339142 24.6433155165112 51.405055386882 2.08596344726586 8 21
2014-07-23 "GAS" "Cr" 2686.02086369792 2733.74604588095 2739.965907 2744.35 2739.965907 "mg/kg" 5957.69174269186 5957.65765260382 837.803597277039 24.0285547339142 24.6433155165112 51.405055386882 2.08596344726586 12 21
2014-07-23 "GAS" "Cr" 2686.02086369792 2733.74604588095 2739.965907 2744.35 2739.965907 "mg/kg" 5957.69174269186 5957.65765260382 837.803597277039 24.0285547339142 24.6433155165112 51.405055386882 2.08596344726586 18 21
2014-07-23 "GAS" "Cr" 2686.02086369792 2751.120848175 2739.965907 2756.925 2743.5 "mg/kg" 3196.6652917223 3196.68358324017 449.535343731125 18.0357044648875 18.4971406150972 38.7149602451714 2.09302405440831 8 20
2014-07-23 "GAS" "Cr" 2686.02086369792 2751.120848175 2739.965907 2756.925 2743.5 "mg/kg" 3196.6652917223 3196.68358324017 449.535343731125 18.0357044648875 18.4971406150972 38.7149602451714 2.09302405440831 12 20
2014-07-23 "GAS" "Cr" 2686.02086369792 2751.120848175 2739.965907 2756.925 2743.5 "mg/kg" 3196.6652917223 3196.68358324017 449.535343731125 18.0357044648875 18.4971406150972 38.7149602451714 2.09302405440831 16 20
2014-07-23 "GAS" "Cr" 2686.02086369792 2751.120848175 2739.965907 2756.925 2743.5 "mg/kg" 3196.6652917223 3196.68358324017 449.535343731125 18.0357044648875 18.4971406150972 38.7149602451714 2.09302405440831 18 20
2014-07-23 "GAS" "Cs" 0.0309138114285714 0.0308283353846154 0.029575 0.0294 0.0294 "mg/kg" 1.17173301599365e-05 1.17172854619544e-05 1.64775112515825e-06 0.00135438187442948 0.00138903305457289 0.00302644304013527 2.17881282966723 33 13
2014-07-23 "GAS" "Cs" 0.0309138114285714 0.0297456430769231 0.029575 0.0294 0.0294 "mg/kg" 2.00515391963769e-06 2.00515391963769e-06 2.81975307773755e-07 0.000560274772302279 0.000574609107738545 0.00125196569598438 2.17881282966723 29 13
2014-07-23 "GAS" "Cu" 7.52857893265789 7.28777939532353 7.1208915535 7.1208915535 7.0585 "mg/kg" 0.781402547335784 0.781402547335785 0.109884733219095 0.305852355574341 0.313677412778935 0.664966409596076 2.11990529922125 4 17
2014-07-23 "GAS" "Cu" 7.52857893265789 7.28777939532353 7.1208915535 7.1208915535 7.0585 "mg/kg" 0.781402547335784 0.781402547335785 0.109884733219095 0.305852355574341 0.313677412778935 0.664966409596076 2.11990529922125 14 17
2014-07-23 "GAS" "Cu" 7.52857893265789 7.28777939532353 7.1208915535 7.1208915535 7.0585 "mg/kg" 0.781402547335784 0.781402547335785 0.109884733219095 0.305852355574341 0.313677412778935 0.664966409596076 2.11990529922125 33 17
2014-07-23 "GAS" "Cu" 7.52857893265789 7.25238887336111 7.1208915535 7.08969577675 6.96502052475 "mg/kg" 0.74352095244678 0.74352095244678 0.104557633937828 0.289940732773098 0.297358700228771 0.627372017946928 2.10981557783332 4 18
2014-07-23 "GAS" "Cu" 7.52857893265789 7.25238887336111 7.1208915535 7.08969577675 6.96502052475 "mg/kg" 0.74352095244678 0.74352095244678 0.104557633937828 0.289940732773098 0.297358700228771 0.627372017946928 2.10981557783332 14 18
2014-07-23 "GAS" "Cu" 7.52857893265789 7.42899998355882 7.1208915535 7.1208915535 7.0585 "mg/kg" 0.46814440241853 0.468146188251106 0.0658328379816414 0.236736239449164 0.24279299203125 0.514698150420832 2.11990529922125 3 17
2014-07-23 "GAS" "Cu" 7.52857893265789 7.42899998355882 7.1208915535 7.1208915535 7.0585 "mg/kg" 0.46814440241853 0.468146188251106 0.0658328379816414 0.236736239449164 0.24279299203125 0.514698150420832 2.11990529922125 14 17
2014-07-23 "GAS" "Dy" 0.0557592872941176 0.05658799275 0.0559165 0.05595825 0.05595825 "mg/kg" 6.80146938575904e-06 6.80141100852952e-06 9.5646119312386e-07 0.000930120815155534 0.00095391763230023 0.00203322730386778 2.13144954555978 31 16
2014-07-23 "GAS" "Er" 0.041982294421875 0.0429477807166667 0.04317288 0.04339576 0.04339576 "mg/kg" 5.15864656629586e-06 5.15862196801084e-06 7.25438824367738e-07 0.000836605372538277 0.000858009609840295 0.00184024758929101 2.1447866879178 31 15
2014-07-23 "GAS" "Eu" 0.00940072490625 0.00872077323333333 0.00900407175 0.008988575 0.008988575 "mg/kg" 1.50550748578325e-06 1.50550748578325e-06 2.1171199018827e-07 0.000451954493956605 0.000463517490626821 0.000994146143513471 2.1447866879178 31 15
2014-07-23 "GAS" "Ga" 1.07747506360256 0.988277130863636 1 1 0.98475 "mg/kg" 0.00749868684800339 0.00749868684800341 0.00105450283800048 0.0372473298683115 0.0382002814530413 0.085115531262332 2.22813885198627 4 11
2014-07-23 "GAS" "Ga" 1.07747506360256 0.988277130863636 1 1 0.98475 "mg/kg" 0.00749868684800339 0.00749868684800341 0.00105450283800048 0.0372473298683115 0.0382002814530413 0.085115531262332 2.22813885198627 35 11
2014-07-23 "GAS" "Gd" 0.04875620725 0.043803075125 0.04433627775 0.04391127775 0.04391127775 "mg/kg" 4.64100683954349e-06 4.64101126555462e-06 6.52640341996953e-07 0.000887185540092815 0.000909883621088208 0.00200264034742559 2.20098516009164 8 12
2014-07-23 "GAS" "Gd" 0.04875620725 0.043803075125 0.04433627775 0.04391127775 0.04391127775 "mg/kg" 4.64100683954349e-06 4.64101126555462e-06 6.52640341996953e-07 0.000887185540092815 0.000909883621088208 0.00200264034742559 2.20098516009164 31 12
2014-07-23 "GAS" "Gd" 0.04875620725 0.0442605308846154 0.04433627775 0.0443225555 0.0443225555 "mg/kg" 5.86739892838561e-06 5.86741571517259e-06 8.25104548064757e-07 0.000958407765337682 0.000982928090007018 0.00214161633314759 2.17881282966723 31 13
2014-07-23 "GAS" "Hf" 0.0557913857884615 0.0295448346041667 0.023311637 0.0221558185 0.0221558185 "mg/kg" 0.00021024810802435 0.000210248408786895 2.95661683874061e-05 0.00597137657850695 0.00612415086085853 0.0134791651629121 2.20098516009164 14 12
2014-07-23 "GAS" "Hf" 0.0557913857884615 0.0245420922954545 0.023311637 0.021 0.021 "mg/kg" 7.91100788636367e-05 7.91100788636367e-05 1.11248336212425e-05 0.00382576630627577 0.00392364616313722 0.00874242845753292 2.22813885198627 14 11
2014-07-23 "GAS" "Hf" 0.0557913857884615 0.0245420922954545 0.023311637 0.021 0.021 "mg/kg" 7.91100788636367e-05 7.91100788636367e-05 1.11248336212425e-05 0.00382576630627577 0.00392364616313722 0.00874242845753292 2.22813885198627 33 11
2014-07-23 "GAS" "Ho" 0.0143477660333333 0.0134724223461538 0.0132 0.0132 0.0132 "mg/kg" 1.02686491340543e-06 1.02686491340543e-06 1.44403153874534e-07 0.000400944137225307 0.000411202082145038 0.000895932372163487 2.17881282966723 31 13
2014-07-23 "GAS" "Ho" 0.0143477660333333 0.0134724223461538 0.0132 0.0132 0.0132 "mg/kg" 1.02686491340543e-06 1.02686491340543e-06 1.44403153874534e-07 0.000400944137225307 0.000411202082145038 0.000895932372163487 2.17881282966723 33 13
2014-07-23 "GAS" "Ho" 0.0143477660333333 0.0133690350357143 0.0132 0.013125 0.013125 "mg/kg" 1.04157206721739e-06 1.04157405386035e-06 1.46471071952446e-07 0.000389116571687517 0.00039907188692105 0.0008621423961797 2.16036865646279 31 14
2014-07-23 "GAS" "La" 0.138936169486111 0.141380878171875 0.1387884265 0.14364051475 0.14364051475 "g/100g" 0.000130343582204288 0.000130343333593872 1.83296012083844e-05 0.00407177261843855 0.00417594687620772 0.0089008200715747 2.13144954555978 16 16
2014-07-23 "GAS" "La" 0.138936169486111 0.141380878171875 0.1387884265 0.14364051475 0.14364051475 "g/100g" 0.000130343582204288 0.000130343333593872 1.83296012083844e-05 0.00407177261843855 0.00417594687620772 0.0089008200715747 2.13144954555978 12 16
2014-07-23 "GAS" "La" 0.138936169486111 0.144139603383333 0.1387884265 0.1455810295 0.1455810295 "g/100g" 7.80531554427686e-05 7.80531554427686e-05 1.09762249841393e-05 0.00325423177961222 0.00333748943438704 0.00715820290993964 2.1447866879178 4 15
2014-07-23 "GAS" "La" 0.138936169486111 0.144139603383333 0.1387884265 0.1455810295 0.1455810295 "g/100g" 7.80531554427686e-05 7.80531554427686e-05 1.09762249841393e-05 0.00325423177961222 0.00333748943438704 0.00715820290993964 2.1447866879178 16 15
2014-07-23 "GAS" "La" 0.138936169486111 0.144139603383333 0.1387884265 0.1455810295 0.1455810295 "g/100g" 7.80531554427686e-05 7.80531554427686e-05 1.09762249841393e-05 0.00325423177961222 0.00333748943438704 0.00715820290993964 2.1447866879178 12 15
2014-07-23 "GAS" "Li" 2.2172648603125 2.11973126892857 2.17888213875 2.1345 2.1345 "mg/kg" 0.061026778624488 0.0610267786244886 0.00858189074406869 0.133201796392323 0.136609688002533 0.334271864554614 2.44691185114497 31 7
2014-07-23 "GAS" "Lu" 0.009547127703125 0.00971693621666667 0.00915 0.00925 0.00925 "mg/kg" 3.65578184179144e-07 3.65578184179144e-07 5.14094321501922e-08 0.000222711880598504 0.000228409836406474 0.000489890376514088 2.1447866879178 4 15
2014-07-23 "GAS" "Lu" 0.009547127703125 0.00971693621666667 0.00915 0.00925 0.00925 "mg/kg" 3.65578184179144e-07 3.65578184179144e-07 5.14094321501922e-08 0.000222711880598504 0.000228409836406474 0.000489890376514088 2.1447866879178 4 15
2014-07-23 "GAS" "Nb" 0.159020089575 0.04143136196875 0.04454583175 0.04239349475 0.04239349475 "mg/kg" 7.07201841045166e-05 7.07201841045166e-05 9.94502588969765e-06 0.00424155962886085 0.00435007750072816 0.0102862987545299 2.36462425159278 26 8
2014-07-23 "GAS" "Nb" 0.159020089575 0.04143136196875 0.04454583175 0.04239349475 0.04239349475 "mg/kg" 7.07201841045166e-05 7.07201841045166e-05 9.94502588969765e-06 0.00424155962886085 0.00435007750072816 0.0102862987545299 2.36462425159278 33 8
2014-07-23 "GAS" "Nd" 0.136162693553571 0.133752131519231 0.132075 0.1315 0.1315 "mg/kg" 4.55236910035825e-05 4.55237778332152e-05 6.40178125779585e-06 0.00266959971288187 0.00273789995454958 0.00596537154731794 2.17881282966723 29 13
2014-07-23 "GAS" "Nd" 0.136162693553571 0.133752131519231 0.132075 0.1315 0.1315 "mg/kg" 4.55236910035825e-05 4.55237778332152e-05 6.40178125779585e-06 0.00266959971288187 0.00273789995454958 0.00596537154731794 2.17881282966723 31 13
2014-07-23 "GAS" "Nd" 0.136162693553571 0.133752131519231 0.132075 0.1315 0.1315 "mg/kg" 4.55236910035825e-05 4.55237778332152e-05 6.40178125779585e-06 0.00266959971288187 0.00273789995454958 0.00596537154731794 2.17881282966723 31 13
2014-07-23 "GAS" "Ni" 2240.44454355208 2277.65620021429 2278.75 2292.5 2313.25 "mg/kg" 4432.4618873241 4432.39425383913 623.312575151638 20.7257423153305 21.2560005156134 44.3392401106338 2.08596344726586 12 21
2014-07-23 "GAS" "Ni" 2240.44454355208 2277.65620021429 2278.75 2292.5 2313.25 "mg/kg" 4432.4618873241 4432.39425383913 623.312575151638 20.7257423153305 21.2560005156134 44.3392401106338 2.08596344726586 18 21
2014-07-23 "GAS" "Ni" 2240.44454355208 2277.65620021429 2278.75 2292.5 2313.25 "mg/kg" 4432.4618873241 4432.39425383913 623.312575151638 20.7257423153305 21.2560005156134 44.3392401106338 2.08596344726586 22 21
2014-07-23 "GAS" "Pb" 2.10384296236111 2.10384296236111 1.929200289 1.929200289 1.929200289 "mg/kg" 0.128988393620954 0.128988393620954 0.0181389928529466 0.170786265208608 0.175155733910285 0.403909846701837 2.30600413520417 "X" 9
2014-07-23 "GAS" "Pb" 2.10384296236111 1.94776559396875 1.929200289 1.9216363945 1.9216363945 "mg/kg" 0.0245829240287773 0.0245829489381497 0.00345697616416796 0.0790807475052944 0.0811039835112115 0.191780446311392 2.36462425159278 35 8
2014-07-23 "GAS" "Pr" 0.03521540275 0.0319793108653846 0.0327 0.0326297495 0.0326297495 "g/100g" 3.28854011105352e-06 3.28856206450052e-06 4.62452276201585e-07 0.00071751254315514 0.000735869681802822 0.00160332230367513 2.17881282966723 14 13
2014-07-23 "GAS" "Pr" 0.03521540275 0.0319793108653846 0.0327 0.0326297495 0.0326297495 "g/100g" 3.28854011105352e-06 3.28856206450052e-06 4.62452276201585e-07 0.00071751254315514 0.000735869681802822 0.00160332230367513 2.17881282966723 31 13
2014-07-23 "GAS" "Rb" 0.379449821933333 0.26614561075 0.2555 0.25425 0.25425 "mg/kg" 0.0019104105602978 0.00191041374864206 0.000268652573919677 0.017999970954652 0.0184604913325267 0.0406312674708917 2.20098516009164 31 12
2014-07-23 "GAS" "Rb" 0.379449821933333 0.26614561075 0.2555 0.25425 0.25425 "mg/kg" 0.0019104105602978 0.00191041374864206 0.000268652573919677 0.017999970954652 0.0184604913325267 0.0406312674708917 2.20098516009164 26 12
2014-07-23 "GAS" "Rb" 0.379449821933333 0.26614561075 0.2555 0.25425 0.25425 "mg/kg" 0.0019104105602978 0.00191041374864206 0.000268652573919677 0.017999970954652 0.0184604913325267 0.0406312674708917 2.20098516009164 33 12
2014-07-23 "GAS" "Rb" 0.379449821933333 0.273595948384615 0.2555 0.2555 0.2555 "mg/kg" 0.00201411274958219 0.00201411274958219 0.000283234605409995 0.0177569794523317 0.0182112815934231 0.039678973980433 2.17881282966723 31 13
2014-07-23 "GAS" "Rb" 0.379449821933333 0.273595948384615 0.2555 0.2555 0.2555 "mg/kg" 0.00201411274958219 0.00201411274958219 0.000283234605409995 0.0177569794523317 0.0182112815934231 0.039678973980433 2.17881282966723 26 13
2014-07-23 "GAS" "Sb" 11.9484463964286 11.9484463964286 12 12 12 "mg/kg" 0.557139438385129 0.55713923913658 0.0783477241831326 0.402468385371979 0.412765308914823 1.01000032612519 2.44691185114497 "X" 7
2014-07-23 "GAS" "Sc" 6.99013903781944 6.73073545180882 6.93688562025 6.8984462405 6.885 "mg/kg" 0.281876188264518 0.281876188264518 0.0396388389746979 0.183697655413119 0.188397454632445 0.399384762435117 2.11990529922125 8 17
2014-07-23 "GAS" "Sm" 0.037054069171875 0.03724434045 0.034125 0.034 0.034 "mg/kg" 6.72595174897377e-05 6.72595174897379e-05 9.45836964699437e-06 0.00302085669296227 0.00309814357991438 0.00664485710745836 2.1447866879178 14 15
2014-07-23 "GAS" "Sm" 0.037054069171875 0.03724434045 0.034125 0.034 0.034 "mg/kg" 6.72595174897377e-05 6.72595174897379e-05 9.45836964699437e-06 0.00302085669296227 0.00309814357991438 0.00664485710745836 2.1447866879178 33 15
2014-07-23 "GAS" "Sm" 0.037054069171875 0.037054069171875 0.034125 0.034125 0.034125 "mg/kg" 6.29864018110807e-05 6.2986401811081e-05 8.85746275468323e-06 0.00283049431759314 0.00290291089228602 0.00618740810216355 2.13144954555978 "X" 16
2014-07-23 "GAS" "Sn" 0.0735928964375 0.0735928964375 0.05552997275 0.05552997275 0.05552997275 "mg/kg" 0.000737386391952769 0.000737386391952769 0.000103694961368358 0.0193694122539097 0.0198649675639925 0.0632191926286086 3.18244630528371 "X" 4
2014-07-23 "GAS" "Sr" 7.79675414618478 7.79675414618478 7.355 7.355 7.4274957785 "mg/kg" 1.0612095678456 1.0612095678456 0.149232595478286 0.306433004562581 0.314272917338714 0.651762139240387 2.07387306790403 7 23
2014-07-23 "GAS" "Sr" 7.79675414618478 7.79675414618478 7.355 7.355 7.4274957785 "mg/kg" 1.0612095678456 1.0612095678456 0.149232595478286 0.306433004562581 0.314272917338714 0.651762139240387 2.07387306790403 7 23
2014-07-23 "GAS" "Sr" 7.79675414618478 7.37227835058333 7.355 7.317 7.36615277975 "mg/kg" 0.197485542827523 0.1974847894814 0.0277714309450083 0.13834277478598 0.141882205208931 0.295961093883304 2.08596344726586 5 21
2014-07-23 "GAS" "Sr" 7.79675414618478 7.37227835058333 7.355 7.317 7.36615277975 "mg/kg" 0.197485542827523 0.1974847894814 0.0277714309450083 0.13834277478598 0.141882205208931 0.295961093883304 2.08596344726586 31 21
2014-07-23 "GAS" "Ta" 0.0128518147954545 0.011836996275 0.005946958 0.005523479 0.005523479 "mg/kg" 0.000108946248723117 0.000108946248723117 1.53205662266883e-05 0.0047087433461902 0.00482921384567842 0.0109244406916857 2.2621571627982 8 10
2014-07-23 "GAS" "Ta" 0.0128518147954545 0.00701756825 0.005946958 0.0051 0.0051 "mg/kg" 9.81370211995767e-06 9.81370211995767e-06 1.38005186061905e-06 0.001489683680259 0.00152779638334049 0.00352310477773313 2.30600413520417 8 9
2014-07-23 "GAS" "Ta" 0.0128518147954545 0.00701756825 0.005946958 0.0051 0.0051 "mg/kg" 9.81370211995767e-06 9.81370211995767e-06 1.38005186061905e-06 0.001489683680259 0.00152779638334049 0.00352310477773313 2.30600413520417 21 9
2014-07-23 "GAS" "Tb" 0.0090563514 0.0087478765 0.0086067265 0.00837836325 0.00837836325 "mg/kg" 1.18009673543403e-06 1.18009673543403e-06 1.6595110342041e-07 0.000414184331524293 0.000424781000238313 0.000917683558775765 2.16036865646279 32 14
2014-07-23 "GAS" "Tb" 0.0090563514 0.0087478765 0.0086067265 0.00837836325 0.00837836325 "mg/kg" 1.18009673543403e-06 1.18009673543403e-06 1.6595110342041e-07 0.000414184331524293 0.000424781000238313 0.000917683558775765 2.16036865646279 31 14
2014-07-23 "GAS" "Tb" 0.0090563514 0.00840113790384615 0.0086067265 0.00815 0.00815 "mg/kg" 4.11098447497399e-07 4.11098447497398e-07 5.78107191793217e-08 0.000253688114816603 0.000260178579821647 0.000566880427720004 2.17881282966723 21 13
2014-07-23 "GAS" "Tb" 0.0090563514 0.00840113790384615 0.0086067265 0.00815 0.00815 "mg/kg" 4.11098447497399e-07 4.11098447497398e-07 5.78107191793217e-08 0.000253688114816603 0.000260178579821647 0.000566880427720004 2.17881282966723 31 13
2014-07-23 "GAS" "Th" 0.0347457208076923 0.0310161975416667 0.0313669985 0.031167267 0.031167267 "mg/kg" 1.44658678129021e-05 1.44658678129021e-05 2.03426266118935e-06 0.00156632003145115 0.00160639343165037 0.00353564810433115 2.20098516009164 14 12
2014-07-23 "GAS" "Tl" 0.003123736125 0.003123736125 0.00326951975 0.00326951975 0.00326951975 "mg/kg" 1.70776132808868e-10 1.70775684931201e-10 2.40154623849371e-11 1.31824823788295e-05 1.35197500000001e-05 0.000171784711481899 12.7062047361747 "X" 2
2014-07-23 "GAS" "Tm" 0.00754613792857143 0.00754613792857143 0.007425 0.007425 0.007425 "mg/kg" 4.54685236460549e-07 4.54685236460552e-07 6.39401113772648e-08 0.00025709302107067 0.000263670598650552 0.000569625696955433 2.16036865646279 31 14
2014-07-23 "GAS" "Tm" 0.00754613792857143 0.00735737930769231 0.007425 0.0074 0.0074 "mg/kg" 2.42086926907142e-07 2.42086926907141e-07 3.40434740963167e-08 0.000194676205005282 0.000199656884123084 0.000435014980658758 2.17881282966723 4 13
2014-07-23 "GAS" "U" 0.903611028897059 0.920997320803571 0.8125 0.83 0.83 "mg/kg" 0.0507429823648085 0.0507429793402911 0.00713573402166533 0.0858860936733382 0.0880834408496386 0.190292704764953 2.16036865646279 14 14
2014-07-23 "GAS" "U" 0.903611028897059 0.920997320803571 0.8125 0.83 0.83 "mg/kg" 0.0507429823648085 0.0507429793402911 0.00713573402166533 0.0858860936733382 0.0880834408496386 0.190292704764953 2.16036865646279 29 14
2014-07-23 "GAS" "U" 0.903611028897059 0.920997320803571 0.8125 0.83 0.83 "mg/kg" 0.0507429823648085 0.0507429793402911 0.00713573402166533 0.0858860936733382 0.0880834408496386 0.190292704764953 2.16036865646279 31 14
2014-07-23 "GAS" "U" 0.903611028897059 0.830399218203125 0.8125 0.81125 0.81125 "mg/kg" 0.0012317919778213 0.00123179197782129 0.000173220746881119 0.0125172110071565 0.0128374566759826 0.0273623911981665 2.13144954555978 26 16
2014-07-23 "GAS" "Y" 0.424596934210526 0.376608338235294 0.3856736015 0.3856736015 0.3851574365 "mg/kg" 0.00165153109814001 0.00165153188565159 0.00023224711439555 0.014061053350197 0.0144207980895795 0.0305707262890994 2.11990529922125 26 17
2014-07-23 "GAS" "Y" 0.424596934210526 0.376608338235294 0.3856736015 0.3856736015 0.3851574365 "mg/kg" 0.00165153109814001 0.00165153188565159 0.00023224711439555 0.014061053350197 0.0144207980895795 0.0305707262890994 2.11990529922125 31 17
2014-07-23 "GAS" "Y" 0.424596934210526 0.376608338235294 0.3856736015 0.3856736015 0.3851574365 "mg/kg" 0.00165153109814001 0.00165153188565159 0.00023224711439555 0.014061053350197 0.0144207980895795 0.0305707262890994 2.11990529922125 32 17
2014-07-23 "GAS" "Y" 0.424596934210526 0.376608338235294 0.3856736015 0.3856736015 0.3851574365 "mg/kg" 0.00165153109814001 0.00165153188565159 0.00023224711439555 0.014061053350197 0.0144207980895795 0.0305707262890994 2.11990529922125 26 17
2014-07-23 "GAS" "Y" 0.424596934210526 0.376608338235294 0.3856736015 0.3856736015 0.3851574365 "mg/kg" 0.00165153109814001 0.00165153188565159 0.00023224711439555 0.014061053350197 0.0144207980895795 0.0305707262890994 2.11990529922125 31 17
2014-07-23 "GAS" "V" 32.233193633125 32.9559932980263 32.7577709275 32.815541855 32.6 "mg/kg" 3.79701946072095 3.79701946072096 0.533955861663884 0.63773975416713 0.654055960228811 1.37412058239572 2.10092204024104 31 19
2014-07-23 "GAS" "V" 32.233193633125 32.9559932980263 32.7577709275 32.815541855 32.6 "mg/kg" 3.79701946072095 3.79701946072096 0.533955861663884 0.63773975416713 0.654055960228811 1.37412058239572 2.10092204024104 32 19
2014-07-23 "GAS" "V" 32.233193633125 32.9559932980263 32.7577709275 32.815541855 32.6 "mg/kg" 3.79701946072095 3.79701946072096 0.533955861663884 0.63773975416713 0.654055960228811 1.37412058239572 2.10092204024104 31 19
2014-07-23 "GAS" "Yb" 0.0575645129722222 0.0531859549117647 0.052775 0.05255 0.05255 "mg/kg" 2.14693081221916e-05 2.14693081221916e-05 3.0191214546832e-06 0.00160318426903266 0.00164420081962004 0.00348555003049645 2.11990529922125 14 17
2014-07-23 "GAS" "Zn" 37.1644365115217 37.1644365115217 38.5 38.5 38.839 "mg/kg" 7.46614748887133 7.46614748887135 1.04992699062253 0.812799154971058 0.833594155459285 1.72876846856921 2.07387306790403 "X" 23
2014-07-23 "GAS" "Zr" 2.32467076611979 0.844881559125 1.25277174 0.6151352425 0.6151352425 "mg/kg" 0.137012711527011 0.137012711527011 0.0192674125584859 0.166985710823903 0.171257944520103 0.387412385882249 2.2621571627982 10 10
2014-07-23 "GAS" "Zr" 2.32467076611979 0.844881559125 1.25277174 0.6151352425 0.6151352425 "mg/kg" 0.137012711527011 0.137012711527011 0.0192674125584859 0.166985710823903 0.171257944520103 0.387412385882249 2.2621571627982 6 10
2014-07-23 "GAS" "Zr" 2.32467076611979 0.844881559125 1.25277174 0.6151352425 0.6151352425 "mg/kg" 0.137012711527011 0.137012711527011 0.0192674125584859 0.166985710823903 0.171257944520103 0.387412385882249 2.2621571627982 26 10
2014-07-23 "GAS" "Zr" 2.32467076611979 0.844881559125 1.25277174 0.6151352425 0.6151352425 "mg/kg" 0.137012711527011 0.137012711527011 0.0192674125584859 0.166985710823903 0.171257944520103 0.387412385882249 2.2621571627982 33 10
2014-07-23 "GAS" "Zr" 2.32467076611979 0.844881559125 1.25277174 0.6151352425 0.6151352425 "mg/kg" 0.137012711527011 0.137012711527011 0.0192674125584859 0.166985710823903 0.171257944520103 0.387412385882249 2.2621571627982 31 10
2014-07-23 "GAS" "Zr" 2.32467076611979 0.844881559125 1.25277174 0.6151352425 0.6151352425 "mg/kg" 0.137012711527011 0.137012711527011 0.0192674125584859 0.166985710823903 0.171257944520103 0.387412385882249 2.2621571627982 24 10
2014-07-24 "GAS" "Zr" 2.32467076611979 0.844881559125 1.25277174 0.6151352425 0.6151352425 "mg/kg" 0.137012711527011 0.137012711527011 0.0192674125584859 0.166985710823903 0.171257944520103 0.387412385882249 2.2621571627982 10 10
2014-07-24 "GAS" "Zr" 2.32467076611979 0.844881559125 1.25277174 0.6151352425 0.6151352425 "mg/kg" 0.137012711527011 0.137012711527011 0.0192674125584859 0.166985710823903 0.171257944520103 0.387412385882249 2.2621571627982 6 10
2014-07-24 "GAS" "Zr" 2.32467076611979 0.844881559125 1.25277174 0.6151352425 0.6151352425 "mg/kg" 0.137012711527011 0.137012711527011 0.0192674125584859 0.166985710823903 0.171257944520103 0.387412385882249 2.2621571627982 26 10
2014-07-24 "GAS" "Zr" 2.32467076611979 0.844881559125 1.25277174 0.6151352425 0.6151352425 "mg/kg" 0.137012711527011 0.137012711527011 0.0192674125584859 0.166985710823903 0.171257944520103 0.387412385882249 2.2621571627982 33 10
2014-07-24 "GAS" "Zr" 2.32467076611979 0.844881559125 1.25277174 0.6151352425 0.6151352425 "mg/kg" 0.137012711527011 0.137012711527011 0.0192674125584859 0.166985710823903 0.171257944520103 0.387412385882249 2.2621571627982 31 10
2014-07-24 "GAS" "Zr" 2.32467076611979 0.844881559125 1.25277174 0.6151352425 0.6151352425 "mg/kg" 0.137012711527011 0.137012711527011 0.0192674125584859 0.166985710823903 0.171257944520103 0.387412385882249 2.2621571627982 24 10
