2014-08-03 "MUH" "Zr" 2.94849771579444 0.773088785583333 1.153525186 0.579 0.579 "mg/kg" 0.120182394802263 0.0623994434673394 0.0136354086744722 0.125662021730063 0.127160155148362 0.293231843605327 2.30600413520417 10 9
2014-08-03 "MUH" "Zr" 2.94849771579444 0.773088785583333 1.153525186 0.579 0.579 "mg/kg" 0.120182394802263 0.0623994434673394 0.0136354086744722 0.125662021730063 0.127160155148362 0.293231843605327 2.30600413520417 6 9
2014-08-03 "MUH" "Zr" 2.94849771579444 0.773088785583333 1.153525186 0.579 0.579 "mg/kg" 0.120182394802263 0.0623994434673394 0.0136354086744722 0.125662021730063 0.127160155148362 0.293231843605327 2.30600413520417 26 9
2014-08-03 "MUH" "Zr" 2.94849771579444 0.773088785583333 1.153525186 0.579 0.579 "mg/kg" 0.120182394802263 0.0623994434673394 0.0136354086744722 0.125662021730063 0.127160155148362 0.293231843605327 2.30600413520417 33 9
2014-08-03 "MUH" "Zr" 2.94849771579444 0.773088785583333 1.153525186 0.579 0.579 "mg/kg" 0.120182394802263 0.0623994434673394 0.0136354086744722 0.125662021730063 0.127160155148362 0.293231843605327 2.30600413520417 31 9
2014-08-03 "MUH" "Zr" 2.94849771579444 0.773088785583333 1.153525186 0.579 0.579 "mg/kg" 0.120182394802263 0.0623994434673394 0.0136354086744722 0.125662021730063 0.127160155148362 0.293231843605327 2.30600413520417 24 9
2014-08-04 "MUH" "Zr" 2.94849771579444 0.773088785583333 1.153525186 0.579 0.579 "mg/kg" 0.120182394802263 0.0623994434673394 0.0136354086744722 0.125662021730063 0.127160155148362 0.293231843605327 2.30600413520417 10 9
2014-08-04 "MUH" "Zr" 2.94849771579444 0.773088785583333 1.153525186 0.579 0.579 "mg/kg" 0.120182394802263 0.0623994434673394 0.0136354086744722 0.125662021730063 0.127160155148362 0.293231843605327 2.30600413520417 6 9
2014-08-04 "MUH" "Zr" 2.94849771579444 0.773088785583333 1.153525186 0.579 0.579 "mg/kg" 0.120182394802263 0.0623994434673394 0.0136354086744722 0.125662021730063 0.127160155148362 0.293231843605327 2.30600413520417 26 9
2014-08-04 "MUH" "Zr" 2.94849771579444 0.773088785583333 1.153525186 0.579 0.579 "mg/kg" 0.120182394802263 0.0623994434673394 0.0136354086744722 0.125662021730063 0.127160155148362 0.293231843605327 2.30600413520417 33 9
2014-08-04 "MUH" "Zr" 2.94849771579444 0.773088785583333 1.153525186 0.579 0.579 "mg/kg" 0.120182394802263 0.0623994434673394 0.0136354086744722 0.125662021730063 0.127160155148362 0.293231843605327 2.30600413520417 31 9
2014-08-04 "MUH" "Zr" 2.94849771579444 0.773088785583333 1.153525186 0.579 0.579 "mg/kg" 0.120182394802263 0.0623994434673394 0.0136354086744722 0.125662021730063 0.127160155148362 0.293231843605327 2.30600413520417 24 9
2014-08-04 "MUH" "Zr" 2.94849771579444 0.773088785583333 1.153525186 0.579 0.579 "mg/kg" 0.120182394802263 0.0623994434673394 0.0136354086744722 0.125662021730063 0.127160155148362 0.293231843605327 2.30600413520417 10 9
2014-08-04 "MUH" "Zr" 2.94849771579444 0.773088785583333 1.153525186 0.579 0.579 "mg/kg" 0.120182394802263 0.0623994434673394 0.0136354086744722 0.125662021730063 0.127160155148362 0.293231843605327 2.30600413520417 6 9
2014-08-04 "MUH" "Zr" 2.94849771579444 0.773088785583333 1.153525186 0.579 0.579 "mg/kg" 0.120182394802263 0.0623994434673394 0.0136354086744722 0.125662021730063 0.127160155148362 0.293231843605327 2.30600413520417 26 9
2014-08-04 "MUH" "Zr" 2.94849771579444 0.773088785583333 1.153525186 0.579 0.579 "mg/kg" 0.120182394802263 0.0623994434673394 0.0136354086744722 0.125662021730063 0.127160155148362 0.293231843605327 2.30600413520417 33 9
2014-08-04 "MUH" "Zr" 2.94849771579444 0.773088785583333 1.153525186 0.579 0.579 "mg/kg" 0.120182394802263 0.0623994434673394 0.0136354086744722 0.125662021730063 0.127160155148362 0.293231843605327 2.30600413520417 31 9
2014-08-04 "MUH" "Zr" 2.94849771579444 0.773088785583333 1.153525186 0.579 0.579 "mg/kg" 0.120182394802263 0.0623994434673394 0.0136354086744722 0.125662021730063 0.127160155148362 0.293231843605327 2.30600413520417 24 9
2014-08-04 "MUH" "Zr" 2.94849771579444 0.773088785583333 1.153525186 0.579 0.579 "mg/kg" 0.120182394802263 0.0623994434673394 0.0136354086744722 0.125662021730063 0.127160155148362 0.293231843605327 2.30600413520417 10 9
2014-08-04 "MUH" "Zr" 2.94849771579444 0.773088785583333 1.153525186 0.579 0.579 "mg/kg" 0.120182394802263 0.0623994434673394 0.0136354086744722 0.125662021730063 0.127160155148362 0.293231843605327 2.30600413520417 6 9
2014-08-04 "MUH" "Zr" 2.94849771579444 0.773088785583333 1.153525186 0.579 0.579 "mg/kg" 0.120182394802263 0.0623994434673394 0.0136354086744722 0.125662021730063 0.127160155148362 0.293231843605327 2.30600413520417 26 9
2014-08-04 "MUH" "Zr" 2.94849771579444 0.773088785583333 1.153525186 0.579 0.579 "mg/kg" 0.120182394802263 0.0623994434673394 0.0136354086744722 0.125662021730063 0.127160155148362 0.293231843605327 2.30600413520417 33 9
2014-08-04 "MUH" "Zr" 2.94849771579444 0.773088785583333 1.153525186 0.579 0.579 "mg/kg" 0.120182394802263 0.0623994434673394 0.0136354086744722 0.125662021730063 0.127160155148362 0.293231843605327 2.30600413520417 31 9
2014-08-04 "MUH" "Zr" 2.94849771579444 0.773088785583333 1.153525186 0.579 0.579 "mg/kg" 0.120182394802263 0.0623994434673394 0.0136354086744722 0.125662021730063 0.127160155148362 0.293231843605327 2.30600413520417 24 9
2014-08-04 "MUH" "Zr" 2.94849771579444 0.773088785583333 1.153525186 0.579 0.579 "mg/kg" 0.120182394802263 0.0623994434673394 0.0136354086744722 0.125662021730063 0.127160155148362 0.293231843605327 2.30600413520417 10 9
2014-08-04 "MUH" "Zr" 2.94849771579444 0.773088785583333 1.153525186 0.579 0.579 "mg/kg" 0.120182394802263 0.0623994434673394 0.0136354086744722 0.125662021730063 0.127160155148362 0.293231843605327 2.30600413520417 6 9
2014-08-04 "MUH" "Zr" 2.94849771579444 0.773088785583333 1.153525186 0.579 0.579 "mg/kg" 0.120182394802263 0.0623994434673394 0.0136354086744722 0.125662021730063 0.127160155148362 0.293231843605327 2.30600413520417 26 9
2014-08-04 "MUH" "Zr" 2.94849771579444 0.773088785583333 1.153525186 0.579 0.579 "mg/kg" 0.120182394802263 0.0623994434673394 0.0136354086744722 0.125662021730063 0.127160155148362 0.293231843605327 2.30600413520417 33 9
2014-08-04 "MUH" "Zr" 2.94849771579444 0.773088785583333 1.153525186 0.579 0.579 "mg/kg" 0.120182394802263 0.0623994434673394 0.0136354086744722 0.125662021730063 0.127160155148362 0.293231843605327 2.30600413520417 31 9
2014-08-04 "MUH" "Zr" 2.94849771579444 0.773088785583333 1.153525186 0.579 0.579 "mg/kg" 0.120182394802263 0.0623994434673394 0.0136354086744722 0.125662021730063 0.127160155148362 0.293231843605327 2.30600413520417 24 9
2014-08-04 "MUH" "Zr" 2.94849771579444 0.773088785583333 1.153525186 0.579 0.579 "mg/kg" 0.120182394802263 0.0623994434673394 0.0136354086744722 0.125662021730063 0.127160155148362 0.293231843605327 2.30600413520417 10 9
2014-08-04 "MUH" "Zr" 2.94849771579444 0.773088785583333 1.153525186 0.579 0.579 "mg/kg" 0.120182394802263 0.0623994434673394 0.0136354086744722 0.125662021730063 0.127160155148362 0.293231843605327 2.30600413520417 6 9
2014-08-04 "MUH" "Zr" 2.94849771579444 0.773088785583333 1.153525186 0.579 0.579 "mg/kg" 0.120182394802263 0.0623994434673394 0.0136354086744722 0.125662021730063 0.127160155148362 0.293231843605327 2.30600413520417 26 9
2014-08-04 "MUH" "Zr" 2.94849771579444 0.773088785583333 1.153525186 0.579 0.579 "mg/kg" 0.120182394802263 0.0623994434673394 0.0136354086744722 0.125662021730063 0.127160155148362 0.293231843605327 2.30600413520417 33 9
2014-08-04 "MUH" "Zr" 2.94849771579444 0.773088785583333 1.153525186 0.579 0.579 "mg/kg" 0.120182394802263 0.0623994434673394 0.0136354086744722 0.125662021730063 0.127160155148362 0.293231843605327 2.30600413520417 31 9
2014-08-04 "MUH" "Zr" 2.94849771579444 0.773088785583333 1.153525186 0.579 0.579 "mg/kg" 0.120182394802263 0.0623994434673394 0.0136354086744722 0.125662021730063 0.127160155148362 0.293231843605327 2.30600413520417 24 9
2014-08-04 "MUH" "Zr" 2.94849771579444 0.773088785583333 1.153525186 0.579 0.579 "mg/kg" 0.120182394802263 0.0623994434673394 0.0136354086744722 0.125662021730063 0.127160155148362 0.293231843605327 2.30600413520417 10 9
2014-08-04 "MUH" "Zr" 2.94849771579444 0.773088785583333 1.153525186 0.579 0.579 "mg/kg" 0.120182394802263 0.0623994434673394 0.0136354086744722 0.125662021730063 0.127160155148362 0.293231843605327 2.30600413520417 6 9
2014-08-04 "MUH" "Zr" 2.94849771579444 0.773088785583333 1.153525186 0.579 0.579 "mg/kg" 0.120182394802263 0.0623994434673394 0.0136354086744722 0.125662021730063 0.127160155148362 0.293231843605327 2.30600413520417 26 9
2014-08-04 "MUH" "Zr" 2.94849771579444 0.773088785583333 1.153525186 0.579 0.579 "mg/kg" 0.120182394802263 0.0623994434673394 0.0136354086744722 0.125662021730063 0.127160155148362 0.293231843605327 2.30600413520417 33 9
2014-08-04 "MUH" "Zr" 2.94849771579444 0.773088785583333 1.153525186 0.579 0.579 "mg/kg" 0.120182394802263 0.0623994434673394 0.0136354086744722 0.125662021730063 0.127160155148362 0.293231843605327 2.30600413520417 31 9
2014-08-04 "MUH" "Zr" 2.94849771579444 0.773088785583333 1.153525186 0.579 0.579 "mg/kg" 0.120182394802263 0.0623994434673394 0.0136354086744722 0.125662021730063 0.127160155148362 0.293231843605327 2.30600413520417 24 9
2014-08-04 "MUH" "Zr" 2.94849771579444 0.773088785583333 1.153525186 0.579 0.579 "mg/kg" 0.120182394802263 0.0623994434673394 0.0136354086744722 0.125662021730063 0.127160155148362 0.293231843605327 2.30600413520417 10 9
2014-08-04 "MUH" "Zr" 2.94849771579444 0.773088785583333 1.153525186 0.579 0.579 "mg/kg" 0.120182394802263 0.0623994434673394 0.0136354086744722 0.125662021730063 0.127160155148362 0.293231843605327 2.30600413520417 6 9
2014-08-04 "MUH" "Zr" 2.94849771579444 0.773088785583333 1.153525186 0.579 0.579 "mg/kg" 0.120182394802263 0.0623994434673394 0.0136354086744722 0.125662021730063 0.127160155148362 0.293231843605327 2.30600413520417 26 9
2014-08-04 "MUH" "Zr" 2.94849771579444 0.773088785583333 1.153525186 0.579 0.579 "mg/kg" 0.120182394802263 0.0623994434673394 0.0136354086744722 0.125662021730063 0.127160155148362 0.293231843605327 2.30600413520417 33 9
2014-08-04 "MUH" "Zr" 2.94849771579444 0.773088785583333 1.153525186 0.579 0.579 "mg/kg" 0.120182394802263 0.0623994434673394 0.0136354086744722 0.125662021730063 0.127160155148362 0.293231843605327 2.30600413520417 31 9
2014-08-04 "MUH" "Zr" 2.94849771579444 0.773088785583333 1.153525186 0.579 0.579 "mg/kg" 0.120182394802263 0.0623994434673394 0.0136354086744722 0.125662021730063 0.127160155148362 0.293231843605327 2.30600413520417 24 9
2014-08-04 "MUH" "Zr" 2.94849771579444 0.773088785583333 1.153525186 0.579 0.579 "mg/kg" 0.120182394802263 0.0623994434673394 0.0136354086744722 0.125662021730063 0.127160155148362 0.293231843605327 2.30600413520417 10 9
2014-08-04 "MUH" "Zr" 2.94849771579444 0.773088785583333 1.153525186 0.579 0.579 "mg/kg" 0.120182394802263 0.0623994434673394 0.0136354086744722 0.125662021730063 0.127160155148362 0.293231843605327 2.30600413520417 6 9
2014-08-04 "MUH" "Zr" 2.94849771579444 0.773088785583333 1.153525186 0.579 0.579 "mg/kg" 0.120182394802263 0.0623994434673394 0.0136354086744722 0.125662021730063 0.127160155148362 0.293231843605327 2.30600413520417 26 9
2014-08-04 "MUH" "Zr" 2.94849771579444 0.773088785583333 1.153525186 0.579 0.579 "mg/kg" 0.120182394802263 0.0623994434673394 0.0136354086744722 0.125662021730063 0.127160155148362 0.293231843605327 2.30600413520417 33 9
2014-08-04 "MUH" "Zr" 2.94849771579444 0.773088785583333 1.153525186 0.579 0.579 "mg/kg" 0.120182394802263 0.0623994434673394 0.0136354086744722 0.125662021730063 0.127160155148362 0.293231843605327 2.30600413520417 31 9
2014-08-04 "MUH" "Zr" 2.94849771579444 0.773088785583333 1.153525186 0.579 0.579 "mg/kg" 0.120182394802263 0.0623994434673394 0.0136354086744722 0.125662021730063 0.127160155148362 0.293231843605327 2.30600413520417 24 9
2014-08-04 "MUH" "Zr" 2.94849771579444 0.773088785583333 1.153525186 0.579 0.579 "mg/kg" 0.120182394802263 0.0623994434673394 0.0136354086744722 0.125662021730063 0.127160155148362 0.293231843605327 2.30600413520417 10 9
2014-08-04 "MUH" "Zr" 2.94849771579444 0.773088785583333 1.153525186 0.579 0.579 "mg/kg" 0.120182394802263 0.0623994434673394 0.0136354086744722 0.125662021730063 0.127160155148362 0.293231843605327 2.30600413520417 6 9
2014-08-04 "MUH" "Zr" 2.94849771579444 0.773088785583333 1.153525186 0.579 0.579 "mg/kg" 0.120182394802263 0.0623994434673394 0.0136354086744722 0.125662021730063 0.127160155148362 0.293231843605327 2.30600413520417 26 9
2014-08-04 "MUH" "Zr" 2.94849771579444 0.773088785583333 1.153525186 0.579 0.579 "mg/kg" 0.120182394802263 0.0623994434673394 0.0136354086744722 0.125662021730063 0.127160155148362 0.293231843605327 2.30600413520417 33 9
2014-08-04 "MUH" "Zr" 2.94849771579444 0.773088785583333 1.153525186 0.579 0.579 "mg/kg" 0.120182394802263 0.0623994434673394 0.0136354086744722 0.125662021730063 0.127160155148362 0.293231843605327 2.30600413520417 31 9
2014-08-04 "MUH" "Zr" 2.94849771579444 0.773088785583333 1.153525186 0.579 0.579 "mg/kg" 0.120182394802263 0.0623994434673394 0.0136354086744722 0.125662021730063 0.127160155148362 0.293231843605327 2.30600413520417 24 9
2014-08-04 "MUH" "Zr" 2.94849771579444 0.773088785583333 1.153525186 0.579 0.579 "mg/kg" 0.120182394802263 0.0623994434673394 0.0136354086744722 0.125662021730063 0.127160155148362 0.293231843605327 2.30600413520417 10 9
2014-08-04 "MUH" "Zr" 2.94849771579444 0.773088785583333 1.153525186 0.579 0.579 "mg/kg" 0.120182394802263 0.0623994434673394 0.0136354086744722 0.125662021730063 0.127160155148362 0.293231843605327 2.30600413520417 6 9
2014-08-04 "MUH" "Zr" 2.94849771579444 0.773088785583333 1.153525186 0.579 0.579 "mg/kg" 0.120182394802263 0.0623994434673394 0.0136354086744722 0.125662021730063 0.127160155148362 0.293231843605327 2.30600413520417 26 9
2014-08-04 "MUH" "Zr" 2.94849771579444 0.773088785583333 1.153525186 0.579 0.579 "mg/kg" 0.120182394802263 0.0623994434673394 0.0136354086744722 0.125662021730063 0.127160155148362 0.293231843605327 2.30600413520417 33 9
2014-08-04 "MUH" "Zr" 2.94849771579444 0.773088785583333 1.153525186 0.579 0.579 "mg/kg" 0.120182394802263 0.0623994434673394 0.0136354086744722 0.125662021730063 0.127160155148362 0.293231843605327 2.30600413520417 31 9
2014-08-04 "MUH" "Zr" 2.94849771579444 0.773088785583333 1.153525186 0.579 0.579 "mg/kg" 0.120182394802263 0.0623994434673394 0.0136354086744722 0.125662021730063 0.127160155148362 0.293231843605327 2.30600413520417 24 9
2014-08-04 "MUH" "Zr" 2.94849771579444 0.773088785583333 1.153525186 0.579 0.579 "mg/kg" 0.120182394802263 0.0623994434673394 0.0136354086744722 0.125662021730063 0.127160155148362 0.293231843605327 2.30600413520417 10 9
2014-08-04 "MUH" "Zr" 2.94849771579444 0.773088785583333 1.153525186 0.579 0.579 "mg/kg" 0.120182394802263 0.0623994434673394 0.0136354086744722 0.125662021730063 0.127160155148362 0.293231843605327 2.30600413520417 6 9
2014-08-04 "MUH" "Zr" 2.94849771579444 0.773088785583333 1.153525186 0.579 0.579 "mg/kg" 0.120182394802263 0.0623994434673394 0.0136354086744722 0.125662021730063 0.127160155148362 0.293231843605327 2.30600413520417 26 9
2014-08-04 "MUH" "Zr" 2.94849771579444 0.773088785583333 1.153525186 0.579 0.579 "mg/kg" 0.120182394802263 0.0623994434673394 0.0136354086744722 0.125662021730063 0.127160155148362 0.293231843605327 2.30600413520417 33 9
2014-08-04 "MUH" "Zr" 2.94849771579444 0.773088785583333 1.153525186 0.579 0.579 "mg/kg" 0.120182394802263 0.0623994434673394 0.0136354086744722 0.125662021730063 0.127160155148362 0.293231843605327 2.30600413520417 31 9
2014-08-04 "MUH" "Zr" 2.94849771579444 0.773088785583333 1.153525186 0.579 0.579 "mg/kg" 0.120182394802263 0.0623994434673394 0.0136354086744722 0.125662021730063 0.127160155148362 0.293231843605327 2.30600413520417 24 9
2014-08-04 "MUH" "Zr" 2.94849771579444 0.773088785583333 1.153525186 0.579 0.579 "mg/kg" 0.120182394802263 0.0623994434673394 0.0136354086744722 0.125662021730063 0.127160155148362 0.293231843605327 2.30600413520417 10 9
2014-08-04 "MUH" "Zr" 2.94849771579444 0.773088785583333 1.153525186 0.579 0.579 "mg/kg" 0.120182394802263 0.0623994434673394 0.0136354086744722 0.125662021730063 0.127160155148362 0.293231843605327 2.30600413520417 6 9
2014-08-04 "MUH" "Zr" 2.94849771579444 0.773088785583333 1.153525186 0.579 0.579 "mg/kg" 0.120182394802263 0.0623994434673394 0.0136354086744722 0.125662021730063 0.127160155148362 0.293231843605327 2.30600413520417 26 9
2014-08-04 "MUH" "Zr" 2.94849771579444 0.773088785583333 1.153525186 0.579 0.579 "mg/kg" 0.120182394802263 0.0623994434673394 0.0136354086744722 0.125662021730063 0.127160155148362 0.293231843605327 2.30600413520417 33 9
2014-08-04 "MUH" "Zr" 2.94849771579444 0.773088785583333 1.153525186 0.579 0.579 "mg/kg" 0.120182394802263 0.0623994434673394 0.0136354086744722 0.125662021730063 0.127160155148362 0.293231843605327 2.30600413520417 31 9
2014-08-04 "MUH" "Zr" 2.94849771579444 0.773088785583333 1.153525186 0.579 0.579 "mg/kg" 0.120182394802263 0.0623994434673394 0.0136354086744722 0.125662021730063 0.127160155148362 0.293231843605327 2.30600413520417 24 9
