2014-07-22 "OKUM" "P2O5" 0.02803006075 0.0265884992696078 0.0272403975 0.026520335 0.0257601675 "g/100g" 1.93409312319298e-05 5.30424372175993e-07 3.0934122606494e-07 0.00107220272971919 0.00107432203239751 0.00227746096954963 2.11990529922125 31 17
2014-07-22 "OKUM" "P2O5" 0.02803006075 0.0265884992696078 0.0272403975 0.026520335 0.0257601675 "g/100g" 1.93409312319298e-05 5.30424372175993e-07 3.0934122606494e-07 0.00107220272971919 0.00107432203239751 0.00227746096954963 2.11990529922125 33 17
2014-07-22 "OKUM" "P2O5" 0.02803006075 0.0265884992696078 0.0272403975 0.026520335 0.0257601675 "g/100g" 1.93409312319298e-05 5.30424372175993e-07 3.0934122606494e-07 0.00107220272971919 0.00107432203239751 0.00227746096954963 2.11990529922125 31 17
2014-07-22 "OKUM" "P2O5" 0.02803006075 0.0265884992696078 0.0272403975 0.026520335 0.0257601675 "g/100g" 1.93409312319298e-05 5.30424372175993e-07 3.0934122606494e-07 0.00107220272971919 0.00107432203239751 0.00227746096954963 2.11990529922125 33 17
2014-07-22 "OKUM" "P2O5" 0.02803006075 0.0265884992696078 0.0272403975 0.026520335 0.0257601675 "g/100g" 1.93409312319298e-05 5.30424372175994e-07 3.09341226064939e-07 0.00107220272971919 0.00107432203239751 0.00227746096954963 2.11990529922125 31 17
2014-07-22 "OKUM" "P2O5" 0.02803006075 0.0265884992696078 0.0272403975 0.026520335 0.0257601675 "g/100g" 1.93409312319298e-05 5.30424372175994e-07 3.09341226064939e-07 0.00107220272971919 0.00107432203239751 0.00227746096954963 2.11990529922125 33 17
2014-07-22 "OKUM" "P2O5" 0.02803006075 0.0265884992696078 0.0272403975 0.026520335 0.0257601675 "g/100g" 1.93409312319298e-05 5.30424372175994e-07 3.09341226064939e-07 0.00107220272971919 0.00107432203239751 0.00227746096954963 2.11990529922125 31 17
2014-07-22 "OKUM" "P2O5" 0.02803006075 0.0265884992696078 0.0272403975 0.026520335 0.0257601675 "g/100g" 1.93409312319298e-05 5.30424372175994e-07 3.09341226064939e-07 0.00107220272971919 0.00107432203239751 0.00227746096954963 2.11990529922125 33 17
2014-07-22 "OKUM" "P2O5" 0.02803006075 0.0265884992696078 0.0272403975 0.026520335 0.0257601675 "g/100g" 1.93409312319298e-05 5.30424372175994e-07 3.09341226064939e-07 0.00107220272971919 0.00107432203239751 0.00227746096954963 2.11990529922125 31 17
2014-07-22 "OKUM" "P2O5" 0.02803006075 0.0265884992696078 0.0272403975 0.026520335 0.0257601675 "g/100g" 1.93409312319298e-05 5.30424372175994e-07 3.09341226064939e-07 0.00107220272971919 0.00107432203239751 0.00227746096954963 2.11990529922125 33 17
2014-07-22 "OKUM" "P2O5" 0.02803006075 0.0265884992696078 0.0272403975 0.026520335 0.0257601675 "g/100g" 1.93409312319298e-05 5.30424372175994e-07 3.09341226064939e-07 0.00107220272971919 0.00107432203239751 0.00227746096954963 2.11990529922125 31 17
2014-07-22 "OKUM" "P2O5" 0.02803006075 0.0265884992696078 0.0272403975 0.026520335 0.0257601675 "g/100g" 1.93409312319298e-05 5.30424372175994e-07 3.09341226064939e-07 0.00107220272971919 0.00107432203239751 0.00227746096954963 2.11990529922125 33 17
2014-07-22 "OKUM" "P2O5" 0.02803006075 0.0265884992696078 0.0272403975 0.026520335 0.0257601675 "g/100g" 1.93409312319298e-05 5.30424372175994e-07 3.09341226064939e-07 0.00107220272971919 0.00107432203239751 0.00227746096954963 2.11990529922125 31 17
2014-07-22 "OKUM" "P2O5" 0.02803006075 0.0265884992696078 0.0272403975 0.026520335 0.0257601675 "g/100g" 1.93409312319298e-05 5.30424372175994e-07 3.09341226064939e-07 0.00107220272971919 0.00107432203239751 0.00227746096954963 2.11990529922125 33 17
2014-07-22 "OKUM" "P2O5" 0.02803006075 0.0265884992696078 0.0272403975 0.026520335 0.0257601675 "g/100g" 1.93409312319298e-05 5.30424372175994e-07 3.09341226064939e-07 0.00107220272971919 0.00107432203239751 0.00227746096954963 2.11990529922125 31 17
2014-07-22 "OKUM" "P2O5" 0.02803006075 0.0265884992696078 0.0272403975 0.026520335 0.0257601675 "g/100g" 1.93409312319298e-05 5.30424372175994e-07 3.09341226064939e-07 0.00107220272971919 0.00107432203239751 0.00227746096954963 2.11990529922125 33 17
2014-07-24 "OKUM" "P2O5" 0.02803006075 0.0265884992696078 0.0272403975 0.026520335 0.0257601675 "g/100g" 1.93409312319298e-05 5.30424372175994e-07 3.09341226064939e-07 0.00107220272971919 0.00107432203239751 0.00227746096954963 2.11990529922125 31 17
2014-07-24 "OKUM" "P2O5" 0.02803006075 0.0265884992696078 0.0272403975 0.026520335 0.0257601675 "g/100g" 1.93409312319298e-05 5.30424372175994e-07 3.09341226064939e-07 0.00107220272971919 0.00107432203239751 0.00227746096954963 2.11990529922125 33 17
2014-07-24 "OKUM" "P2O5" 0.02803006075 0.0265884992696078 0.0272403975 0.026520335 0.0257601675 "g/100g" 1.93409312319298e-05 5.30424372175994e-07 3.09341226064939e-07 0.00107220272971919 0.00107432203239751 0.00227746096954963 2.11990529922125 31 17
2014-07-24 "OKUM" "P2O5" 0.02803006075 0.0265884992696078 0.0272403975 0.026520335 0.0257601675 "g/100g" 1.93409312319298e-05 5.30424372175994e-07 3.09341226064939e-07 0.00107220272971919 0.00107432203239751 0.00227746096954963 2.11990529922125 33 17
2014-07-29 "OKUM" "SiO2" 44.3326518167391 44.1424693235606 44.16381 44.144405 44.144405 "g/100g" 0.0884846663012821 0.0206466697623397 0.00579347215099198 0.0660060874951943 0.0665029209676535 0.138300395159163 2.07961384472768 16 22
2014-07-29 "OKUM" "MgO" 21.2405432280208 21.2894557526587 21.3025 21.305 21.3072 "g/100g" 0.0454471165666851 0.00262689086000873 0.00118756483109693 0.0470165677937953 0.0471666759870698 0.0983879620380601 2.08596344726586 12 21
2014-07-29 "OKUM" "MgO" 21.2405432280208 21.2894557526587 21.3025 21.305 21.3072 "g/100g" 0.0454471165666851 0.00262689086000873 0.00118756483109693 0.0470165677937953 0.0471666759870698 0.0983879620380601 2.08596344726586 16 21
2014-07-29 "OKUM" "MgO" 21.2405432280208 21.2894557526587 21.3025 21.305 21.3072 "g/100g" 0.0454471165666851 0.00262689086000873 0.00118756483109693 0.0470165677937953 0.0471666759870698 0.0983879620380601 2.08596344726586 32 21
